651
 630  393  630  392
1153 1698 1152 1698
1447 1319 1447 1318
1645  205 1645  207
1232  348 1232  346
1642  207 1645  207
1206 1975 1206 1972
 369  696  366  696
 601 1827  604 1827
1514   28 1517   28
1923  405 1919  405
 174  708  170  708
 368 1619  372 1619
 638  663  642  663
1954  446 1950  446
1139 1338 1135 1338
1817  641 1820  643
 938 1031  933 1031
1019 1967 1019 1972
1129   20 1129   15
1139 1338 1143 1339
1791  701 1791  706
 204 1610  199 1610
1070 1063 1076 1063
 159  417  153  417
 606 1643  601 1645
1496  863 1496  870
1591  783 1598  783
1123   16 1129   15
1388 1848 1393 1846
1713 1614 1719 1615
1791  694 1791  701
 956 1430  958 1435
1069  719 1075  718
 642  562  642  554
 368 1627  368 1619
 617 1069  609 1069
 153  351  153  360
 106 1142  106 1151
 250   77  245   73
 193  360  194  368
 756  851  747  851
1549 1431 1549 1422
 425  292  425  302
 372 1619  372 1609
1683  552 1692  553
 357 1619  368 1619
 866 1084  855 1084
  74 1772   74 1783
 470  472  481  472
1778 1747 1786 1744
1776 1687 1786 1688
 229 1292  240 1292
 181  553  181  564
 605  987  617  987
1688  706 1700  706
1656 1270 1643 1270
1739  233 1739  246
1713 1614 1700 1614
1153 1652 1152 1664
1150    2 1150   15
1376 1422 1376 1409
1580 1969 1586 1962
1525  565 1525  552
1858 1064 1866 1070
 431 1325  431 1311
 642  494  642  508
1114  616 1100  616
 495  873  502  880
 248 1247  248 1233
  66 1894   74 1888
1058 1060 1070 1063
1465 1485 1465 1470
1037 1548 1048 1552
 658  643  642  643
 505  413  521  413
1483  860 1496  863
 167  836  170  823
 958 1528  958 1512
1882 1070 1866 1070
 193  360  185  351
1042 1975 1059 1975
1758  427 1741  427
 333 1347  333 1364
1750 1148 1750 1130
1167 1972 1152 1975
 304 1233  308 1247
 886  741  886  723
1170 1664 1152 1664
 768  158  777  167
1581  145 1585  130
1169   15 1150   15
1048 1527 1046 1510
 185  332  185  351
 702  392  719  390
 609 1129  617 1140
1574 1668 1593 1668
 515 1609  501 1603
 642  643  642  663
 231 1750  211 1750
 681   28  684   45
1517    8 1517   28
1251 1358 1260 1370
1211 1751 1225 1744
1693 1686 1693 1707
1150   15 1129   15
 216  706  235  708
 970  815  991  815
1479  184 1476  165
1100  616 1100  638
1844  800 1824  802
 574 1985  574 1963
1413  849 1391  849
1100  740 1100  718
 344 1484  364 1482
1339 1975 1361 1975
1912 1382 1912 1360
 242 1217  248 1233
 285  100  285   77
1059 1975 1082 1975
1901 1991 1907 1974
  75 1315   75 1292
 756 1629  772 1622
 671 1985  677 1968
1678  693 1688  706
1776 1637 1776 1614
1371  995 1371 1018
1598  733 1598  756
 481  472  505  472
  40 1292   40 1268
1275 1017 1251 1017
1693 1707 1700 1724
 573  240  549  240
 162  692  170  708
 401  302  425  302
1000  830  991  815
 483 1085  494 1072
 624 1317  600 1317
1048 1552 1048 1527
 579  508  581  485
1610   56 1585   56
1790 1999 1790 1974
 447  299  425  302
1075  718 1100  718
 592 1140  617 1140
1135 1363 1135 1338
 245   98  245   73
1394  637 1394  662
 609 1129  617 1112
1418 1071 1420 1094
 158 1936  132 1936
1042 1975 1019 1972
1363 1999 1361 1975
 729  227  729  201
 390 1404  364 1404
1384  792 1391  811
1071 1512 1046 1510
1992 1784 1990 1809
1153 1698 1180 1698
1388 1848 1361 1848
1598  783 1598  756
1844 1687 1850 1666
 697  183  670  183
1838 1301 1860 1296
 501 1553  521 1546
1858 1064 1858 1037
1097  693 1100  718
 408  374  380  374
 209  564  181  564
1514   28 1514   56
 167  836  190  831
1642  207 1642  235
 235  736  235  708
 154  652  177  647
1844  800 1870  802
1587 1822 1593 1800
1856  439 1885  439
1394  637 1365  637
1969 1817 1990 1809
 424 1529  432 1507
 246  435  248  407
 170  823  140  823
1436 1471 1465 1470
1593 1800 1593 1770
1075 1092 1076 1063
1950  446 1919  446
 364 1404  364 1373
1634  767 1654  756
 139  777  170  777
 681  271  681  240
1527  523 1525  552
1790 1974 1790 1943
1486 1112 1517 1112
1643 1166 1643 1197
 855 1116  855 1084
1255  774 1283  778
1248  932 1248  900
1255  774 1227  778
1299 1396 1305 1370
 642  643  642  611
 574 1963  574 1931
1043  816 1075  816
 153  351  185  351
1662  486 1692  489
1298  907 1324  900
 469 1245  438 1247
1176 1305 1176 1338
1741  394 1741  427
1557  553 1525  552
 280  129  285  100
1361 1814 1361 1848
1824  750 1820  720
1143 1339 1176 1338
1530  870 1496  870
 248  407  234  387
1152 1664 1152 1698
 532  276  521  299
1015 1528 1048 1527
 372 1563  372 1529
1937  198 1964  190
1678 1473 1699 1459
 250   77  285   77
  40 1292   75 1292
1543  475 1549  504
1087  594 1100  616
1019 1769 1023 1801
1759 1004 1795 1004
 670   67  684   45
1339 1863 1361 1848
 332  693  366  696
 900  943  924  930
 644  997  617  987
1212 1339 1176 1338
1787  648 1817  641
 357 1435  364 1404
1524  456 1543  475
1365  590 1366  553
1391  811 1391  849
 600 1279  600 1317
1581 1416 1549 1422
 644  997  679 1001
  35 1772   74 1772
 663 1317  624 1317
1801 1037 1795 1004
1415 1565 1376 1565
 549  201  549  240
1281 1954 1306 1940
1167 1972 1206 1972
 366  696  366  735
 333 1364  364 1373
1950  486 1950  446
1477  126 1476  165
 380  334  380  374
1885  439 1919  446
 644 1826  604 1827
 340  178  355  204
1835 1130 1866 1120
1829  246 1829  205
 957  632  991  639
1299 1396 1327 1409
1318 1298 1339 1318
1527  523 1549  504
1919  405 1919  446
1082 1933 1082 1975
1634 1044 1643 1077
 957  632  973  606
 600 1451  624 1433
 112  418  153  417
 921  123  879  123
 640 1963  677 1968
1251 1060 1251 1017
1795  961 1795 1004
 988 1984 1019 1972
 431 1325  435 1364
 604  616  642  611
1170 1664 1180 1631
1791  706 1820  720
 617 1112  617 1069
1248  977 1251 1017
1370 1602 1376 1565
 560  533  579  508
 470  735  473  776
 174  708  216  706
 734 1651  756 1629
 140  868  140  823
1879 1013 1858 1037
1535 1875 1580 1875
1248  932 1248  977
 366  780  366  735
1006  723 1016  758
1439  662 1394  662
 199 1783  211 1750
1305 1370 1260 1370
 498 1645  501 1603
 777  167  786  130
 878  685  886  723
1549 1431 1556 1470
 646  705  642  663
 372 1563  372 1609
 170  823  170  777
 642  554  642  508
1501  587 1525  565
 537 1069  494 1072
1365  590 1365  637
1634  767 1598  756
1802  827 1824  802
1879 1013 1919 1006
1428  165 1476  165
  74 1888   74 1936
 181  553  190  514
 382  420  380  374
 154  652  162  692
 558 1311  600 1317
1379 1080 1418 1071
 703  554  743  545
 642  562  642  611
1741  427 1692  427
1327 1409 1376 1409
1486 1162 1486 1112
1776 1637 1776 1687
 714 1743  719 1788
 807 1086  855 1084
1787  648 1791  694
1439  662 1480  671
 697  183  729  201
 501 1553  501 1603
 156 1151  106 1151
1866 1120 1866 1070
1626 1520 1626 1470
 233   35  245   73
1904  971 1919 1006
 185  332  234  333
 958  321  908  321
 630  393  579  393
 537 1069  563 1044
 710  837  747  851
 240 1093  242 1142
 418 1603  372 1609
1860 1360 1912 1360
 772 1622  791 1655
 424 1529  372 1529
 185 1551  200 1514
1824  750 1824  802
 341  387  380  374
 532  276  549  240
 380  334  401  302
1043  816  991  815
 248 1247  240 1292
1059 1902 1082 1933
 556  873  570  833
 357 1435  364 1482
 878  685  886  639
 879  177  879  123
 168   94  198  118
 234  333  234  387
1571 1112 1517 1112
1121 1501 1149 1527
1531 1680 1574 1668
1937 1203 1882 1203
1678 1473 1626 1470
 132 1991  132 1936
1415 1565 1436 1531
 364 1482  372 1529
1381 1940 1361 1975
1324  900 1367  887
 904 1510  958 1512
1076  916 1075  971
 908  507  955  498
1398 1242 1398 1298
 304 1233  248 1233
1786 1744 1786 1688
 153  360  153  417
1763 1913 1790 1943
1298  907 1248  900
1015 1528  958 1528
 552  611  604  616
1801 1037 1858 1037
1095 1698 1152 1698
 955   50  960  102
1880 1943 1907 1974
 132 1936   74 1936
1212 1339 1251 1358
1227  778 1203  812
1719 1615 1776 1614
1097  693 1100  638
 601 1827  543 1827
 473  837  495  873
1145  812 1203  812
 251  243  264  197
 505  413  505  472
1702 1077 1643 1077
1844 1687 1786 1688
1587 1822 1580 1875
1046 1450 1046 1510
 562  350  579  393
 111 1268   75 1292
 921  123  960  102
1436 1471 1436 1531
 473  837  473  776
 729  227  681  240
 495  873  556  873
 549  201  559  150
1071 1512 1121 1501
 703  554  642  554
  72  719  105  747
1597 1610 1593 1668
1310 1123 1248 1123
1692  489 1692  427
1476  277 1496  235
 902 1237  933 1206
 494  934  495  873
1367  887 1391  849
1275 1017 1320 1034
1227  850 1203  812
1473 1415 1465 1470
 579  508  642  508
1645  296 1642  235
1913 1809 1969 1817
 105  747  139  777
1860 1360 1860 1296
1692  489 1692  553
1126   81 1129   20
1668   48 1690   90
1139  971 1075  971
 543 1891  543 1827
1010 1853 1023 1801
 604 1762  604 1827
 346   73  285   77
1345 1531 1376 1565
1610   56 1668   48
 640 1963  574 1963
1251 1060 1248 1123
1330  669 1365  637
 198  118  245   98
1006  723 1069  719
1869  701 1917  720
1320 1034 1371 1018
1479  184 1496  235
  38  943  102  939
  45 1545  107 1551
1306 1940 1339 1975
 486 1838  543 1827
1925 1503 1973 1483
1869  701 1820  720
1538 1365 1549 1422
1075   36 1123   16
 170  777  170  708
1447 1318 1398 1298
 905  589  886  639
 542  776  473  776
1698  876 1700  808
1102 1014 1075  971
1650 1744 1700 1724
 473 1462  539 1466
1181 1120 1248 1123
1152 1975 1082 1975
1379 1080 1371 1018
 879  177  886  240
1556 1470 1626 1470
 627  223  681  240
1585   56 1514   56
1260 1441 1260 1370
 323  808  366  780
1227  850 1248  900
 543 1891  574 1931
 431 1311  438 1247
1413 1760 1474 1770
 956  872  970  815
1634  414 1692  427
1309  575 1365  590
 563 1044  609 1069
 573  240  627  223
 702  392  630  392
 438 1175  438 1247
1366  553 1392  507
1025  486 1072  460
 185 1551  199 1610
1643 1197 1643 1270
 200 1514  209 1449
1509  952 1517 1018
 447  299  521  299
1145  812 1075  816
1585  130 1585   56
1102 1014 1076 1063
 242 1217  242 1142
 462  539  470  472
  16   85   20  156
 620   14  681   28
1719 1197 1643 1197
 539 1466  600 1451
1454 1220 1511 1239
1912 1382 1939 1431
 246  435  258  499
 958 1435  958 1512
 957  632  886  639
 842  519  908  507
 521  413  579  393
1787  169 1829  205
 185 1551  107 1551
1398 1242 1454 1220
1339 1318 1398 1298
 148 1080  156 1151
1693 1686 1700 1614
1700  626 1700  706
 933 1206  954 1147
1719 1197 1750 1148
 435 1364  364 1373
 158 1936  211 1909
1421  724 1439  662
 600 1451  601 1531
1802 1559 1776 1614
1700  626 1692  553
1413  849 1483  860
1016  758  991  815
 955  498 1025  486
 768  158  729  201
 617 1069  617  987
1370  336 1408  292
1315 1629 1370 1602
 190  514  258  499
1650 1744 1593 1770
1473 1415 1549 1422
1225 1744 1254 1798
 547   24  620   14
 418 1603  501 1603
1408  292 1476  277
1420 1094 1486 1112
 264  197  280  129
  48 1192   40 1268
1654  756 1688  706
1211 1751 1180 1698
1305 1370 1318 1298
1835 1130 1750 1130
 905  589  908  507
1925 1503 1939 1431
 432 1507  473 1462
  39 1377   40 1292
 177  647  181  564
1692  489 1748  520
1643 1166 1643 1077
 248 1373  240 1292
 581  485  505  472
1880 1943 1790 1943
1454 1220 1486 1162
1717  328 1741  394
  20  156   92  174
 924  930  956  872
1829  246 1739  246
1538 1365 1619 1356
1844 1687 1934 1688
 102  939  102 1030
1700  706 1791  706
 562  350  521  299
  98 1634  107 1551
 402 1072  494 1072
1586 1962 1580 1875
1281 1954 1206 1972
 248 1373  333 1364
1517 1018 1517 1112
 264  197  340  178
1990 1913 1999 1999
 156 1151  242 1142
 102 1030  148 1080
 817 1248  902 1237
1919  308 1919  405
 358 1125  402 1072
1010 1853 1059 1902
1654  756 1700  808
1866 1120 1882 1203
  48 1192  106 1151
 991  639 1006  723
 772 1622  829 1580
1739  233 1642  235
1381 1940 1388 1848
1133  346 1232  346
 786  130  879  123
   0    0   16   85
1076  916 1075  816
  39 1377  107 1410
1060 1312 1135 1338
1593 1770 1593 1668
1075 1092 1076 1193
 498 1645  601 1645
 867  858  956  872
1152 1872 1152 1975
1278  151 1335  197
1917  720 1945  645
 886  240  908  321
1203  638 1100  638
1473 1415 1376 1409
1717  328 1739  246
1990 1913 1990 1809
 470  735  366  735
  74 1888   74 1783
1384  792 1421  724
1480  671 1501  587
1088  286 1133  346
1361 1814 1413 1760
 671 1985  773 1981
1901 1991 1999 1999
 369  696  383  604
  36  790   72  719
1571 1112 1643 1077
 234  333  251  243
 341  387  234  387
1477  126 1514   56
 102  939  140  868
 791 1655  860 1695
1917  720 1983  763
 924  930  933 1031
1758  427 1856  439
 846  370  908  321
 747  740  747  851
 332  693  235  708
 714 1743  734 1651
 644 1826  719 1788
 817 1248  841 1337
  42  347  153  351
1937  198 1829  205
 209 1449  248 1373
1860 1296 1882 1203
 670   67  670  183
 727 1146  617 1140
 624 1433  624 1317
1977 1296 1860 1296
 756  851  867  858
1597 1610 1626 1520
1474 1770 1593 1770
 211 1909  275 1965
 866 1084  933 1031
 604 1762  601 1645
1885  560 1885  439
1581  145 1642  207
1254 1798 1361 1814
 450 1931  574 1931
 490   91  547   24
 743  545  842  519
 199 1783   74 1783
1335  197 1428  165
1557  553 1683  552
1149 1527 1153 1652
 855 1116  954 1147
 358 1125  438 1175
 955   50 1075   36
   0 1999   74 1936
1913 1809 1934 1688
 204 1610  211 1750
1370  336 1232  346
  92  174  168   94
 240 1093  281  964
1964  190 1999    0
