592
 636 1511  636 1512
1223  907 1224  907
1929  823 1929  825
 647 1901  647 1904
1479  572 1481  571
 820  427  817  427
1793 1271 1793 1274
1568 1006 1565 1006
1610 1334 1613 1334
1684  743 1684  739
 606 1068  602 1068
 510 1402  505 1402
 490 1904  490 1899
 647 1904  652 1904
1342  906 1337  906
1896 1558 1896 1553
1406 1104 1412 1104
1222 1689 1223 1684
1575  232 1580  230
 868 1636  868 1629
 605 1966  612 1966
1238 1359 1231 1359
  76 1427   76 1434
1793 1264 1793 1271
 377  854  378  861
 504 1409  505 1402
1543  939 1543  947
 724 1771  724 1779
 729 1512  737 1511
 239  493  247  492
 591  791  594  785
1235 1570 1231 1565
1798 1659 1789 1659
  33 1673   42 1673
1223  823 1228  818
1287  582 1277  582
 292 1083  292 1073
 606 1068  616 1068
 302 1622  302 1632
1013  144 1024  144
1944  579 1947  571
1565 1017 1565 1006
1149 1444 1149 1432
 612 1986  616 1978
 930 1351  934 1359
1861  294 1850  293
1232  891 1223  894
 356 1632  364 1627
1329  358 1329  345
1223  907 1223  894
1697 1728 1697 1715
 678  798  678  785
1578 1017 1565 1017
1010  861 1012  850
 670  779  678  785
1862  163 1865  152
1745  724 1745  739
1667  703 1667  688
1024  129 1024  144
1425 1726 1410 1726
  42 1658   42 1673
1617 1261 1617 1277
 616 1978  612 1966
1729  884 1745  884
1209  710 1209  694
1056 1010 1066 1017
1481  588 1481  571
 534 1765  546 1760
 490 1904  490 1921
1578   78 1585   68
 789  383  790  367
1173 1565 1156 1565
1423 1096 1436 1100
 608  576  591  576
 672 1354  685 1358
 121 1518  125 1505
1706  250 1706  232
1160 1851 1160 1869
 882 1124  900 1124
1240  344 1257  345
1831  293 1850  293
1059 1870 1059 1851
1243  907 1224  907
1423 1096 1412 1104
 108  513   89  513
 678  818  678  798
1945  846 1965  846
 599 1993  612 1986
1403 1550 1403 1570
1508  493 1488  493
 960 1560  940 1560
1789 1733 1793 1750
1766  792 1745  792
1153 1913 1156 1895
1149 1355 1149 1376
 119  676  119  655
 247 1500  225 1500
1327  894 1337  906
1376 1762 1398 1762
1836 1750 1858 1750
 857   77  868   89
1079 1554 1091 1565
 181 1934  181 1957
1124  162 1135  174
 255 1684  258 1664
 745 1526  737 1511
 685 1358  705 1354
  29   92    5   92
1793 1774 1793 1750
1446 1018 1446 1042
 584 1969  605 1966
1510  710 1513  732
1721  673 1731  688
1412  881 1412  906
1858 1701 1868 1686
  39 1696   42 1673
 734 1795  724 1779
1385  436 1394  419
   5  118    5   92
1910  832 1929  825
 101 1735   75 1735
1469  102 1469  129
1000  533 1024  530
1168  940 1171  964
1850  227 1873  231
1337 1116 1340 1140
 634  254  638  231
1868 1686 1868 1659
1079 1367 1098 1359
1474 1042 1446 1042
1610 1158 1617 1179
1173 1565 1190 1554
 136 1744  155 1735
1522 1179 1541 1188
1765 1900 1793 1900
1156 1537 1156 1565
1680 1655 1706 1658
1599  739 1599  710
1329  387 1329  358
 905 1359  934 1359
1102 1334 1098 1359
 765  842  769  868
 789  383  817  385
 181 1802  181 1772
1091 1595 1091 1565
1673 1492 1673 1522
1156 1895 1160 1869
1098  371 1068  371
1448 1583 1456 1605
 729 1424  737 1447
1929 1583 1930 1553
1231 1432 1251 1443
   9 1680   33 1673
 310  139  279  139
  22  749   54  749
1861  294 1892  293
 942   98  910   98
1923  563 1947  571
 395 1689  409 1670
1224  907 1224  940
 155 1702  155 1735
 438  687  438  654
1565 1051 1565 1017
1801 1353 1833 1355
1067 1433 1079 1411
1067  613 1070  582
1930 1553 1896 1553
 347  202  347  168
1329  345 1315  325
 616 1068  616 1034
1257  345 1279  358
1793 1309 1793 1274
 539 1068  558 1052
 539 1068  504 1068
  54  749   89  749
1738  235 1706  232
1578   78 1578  114
1534  147 1552  129
1910  868 1910  832
1315  289 1315  325
1987  832 1965  846
 900 1268  900 1304
1035  374 1068  371
 652 1868  652 1904
1411 1365 1420 1337
1412  906 1437  894
 255 1684  290 1686
1945  846 1929  825
 966  530 1000  533
 602 1137  602 1174
 830 1629  868 1629
 634  254  670  256
 415  285  444  276
1865  152 1877  126
 505 1364  505 1402
1650 1411 1671 1429
1440   92 1469  102
 910  137  910   98
1970 1650 1998 1638
 488  800  513  785
 689 1512  729 1512
 524 1326  554 1316
 729  661  755  675
1394  419 1403  387
1569 1334 1610 1334
1439  571 1479  572
1552  129 1578  114
1581  152 1578  114
  22  540   62  541
1522 1179 1483 1182
 775  340  790  367
 831 1826  831 1868
1889 1444 1889 1486
 670  256  705  263
1340 1140 1340 1182
 225 1563  247 1543
 817  385  817  427
1114  921 1114  964
 409 1670  409 1627
 705 1397  705 1354
 568 1483  568 1526
 224 1772  181 1772
 247 1500  247 1543
 960 1376  934 1359
1836 1750 1793 1750
1259 1273 1270 1241
  76 1272   76 1228
1067  613 1070  654
1079 1367 1079 1411
 101 1735  136 1744
1098 1285 1127 1300
 404 1127  404 1083
1287  626 1287  582
1454 1934 1410 1934
1745  884 1745  840
 928 1647  940 1679
1406  102 1440   92
1970 1650 1925 1650
 125 1505  125 1460
1653  657 1667  688
1944  579 1963  605
1510  710 1552  707
1612 1404 1650 1411
 364 1627  409 1627
 279  246  278  202
 965  740 1010  740
1206 1869 1160 1869
1277 1565 1231 1565
 468 1945  490 1921
 682  743  678  785
1112 1397 1079 1411
 166  655  119  655
 105  557  108  513
  29 1434   76 1434
  86  279   39  279
 504 1021  504 1068
   2 1640    9 1680
1912 1271 1956 1274
1410 1726 1398 1762
1745  792 1745  840
 647 1901  599 1901
1919  270 1963  266
1486  894 1437  894
1124  162 1075  162
1858 1701 1858 1750
1667 1147 1677 1108
1437  845 1437  894
 616  985  616 1034
 297 1543  247 1543
1892  293 1919  270
1279  358 1329  358
1032  421 1035  374
1846 1309 1885 1298
1731  688 1745  724
1552  707 1599  710
 381  152  347  168
 705 1397  729 1424
 194  363  194  312
 729  661  678  661
1518 1055 1565 1051
 241 1073  292 1073
 868   89  910   98
1801 1353 1793 1309
 730  798  678  798
 599 1901  550 1904
1190 1554 1231 1565
1468  180 1469  129
 247 1500  276 1477
 860  982  868 1026
 689 1512  636 1512
1667  703 1684  739
1098 1285 1102 1334
1766  792 1786  825
1846 1309 1793 1309
1745  739 1745  792
 356 1632  302 1632
1483 1236 1483 1182
 591 1557  568 1526
1885 1298 1912 1271
  86  279  138  277
 235 1957  181 1957
 150  819  200  823
 292 1083  346 1083
 719 1904  771 1901
  62  541   89  513
 146  870  150  819
 435 1899  490 1899
  81  702   89  749
 876 1574  887 1530
1149 1355 1098 1359
1149 1432 1149 1376
1168  940 1224  940
1007 1721 1042 1700
1024  469 1032  421
1171  964 1114  964
 505 1364  524 1326
 247  492  291  479
1398 1979 1410 1934
 831 1826  841 1779
1474 1042 1518 1055
1892  793 1910  832
 414 1575  409 1627
 960 1376  960 1433
 916 1712  940 1679
  18 1228   76 1228
  54  601   89  624
1590  466 1629  447
1448 1583 1403 1570
 346 1083  404 1083
1220  581 1277  582
1068  313 1068  371
 234  260  279  246
 866 1892  831 1868
 283 1023  292 1073
1613 1522 1673 1522
 558 1052  602 1068
 490 1904  550 1904
 798 1601  830 1629
1282 1184 1340 1182
 900 1304  905 1359
1617 1277 1613 1334
 348  445  388  466
 667 1783  724 1779
 550 1843  550 1904
1684  739 1745  739
1009  654 1070  654
  89  624  119  655
1024  469 1024  530
1041 1056 1056 1010
 797 1403  798 1464
1403  325 1403  387
 705  263  757  273
 194  363  205  415
 181 1772  155 1735
 876 1574  868 1629
  81  702  119  676
1968  785 1965  846
1094  694 1070  654
 279  139  278  202
 737 1447  737 1511
 568 1483  504 1483
 189 1460  125 1460
1091 1565 1156 1565
1114  921 1123  865
1671 1429 1673 1492
  75 1800   75 1735
1564 1918 1615 1933
 310  139  347  168
1706 1658 1697 1715
 290 1686  302 1632
1850  227 1850  293
  39  345   39  279
1868 1659 1925 1650
 719 1904  652 1904
1925 1750 1858 1750
 535 1174  602 1174
 934 1474  960 1433
1436 1100 1446 1042
1610 1158 1667 1147
  54  601   62  541
 501 1281  524 1326
 743 1324  705 1354
1024  144 1075  162
1270 1241 1282 1184
1629  516 1629  447
1007 1411  960 1433
 963 1130  900 1124
 602 1137  602 1068
1068  313 1075  251
1342  906 1412  906
1014  297 1068  313
 754  606  755  675
1798 1659 1868 1659
1933 1321 1956 1274
1413 1182 1483 1182
 449  594  438  654
1612 1404 1613 1334
 605 1966  599 1901
1223  823 1223  894
 868 1636  928 1647
1929 1583 1925 1650
 279  246  284  312
1342  906 1373  947
1007 1411 1079 1411
 339 1947  366 1992
 577  518  591  576
1651  114 1578  114
1413 1182 1340 1182
1231 1432 1231 1359
 732   93  789  109
1626  962 1669  932
 789   36  789  109
 526  654  594  648
1896 1553 1889 1486
 504 1409  504 1483
1329  387 1403  387
 584  130  649  139
 594  648  591  576
1585   68 1619   27
 868 1026  915 1054
  39 1696   75 1735
1667  703 1599  710
1814 1486 1889 1486
 125 1460   76 1434
 189 1460  225 1500
 962  427 1032  421
1850  227 1862  163
 381  152  426  183
1467  676 1510  710
1256  421 1257  345
1305 1675 1347 1710
1745  972 1822  972
1360 1907 1410 1934
 138  277  143  204
 737 1447  798 1464
 276 1477  277 1400
 876 1574  940 1560
1413 1182 1412 1104
1347 1710 1410 1726
1580  230 1581  152
1366  582 1287  582
 730  798  765  842
1513  732 1540  784
 502  523  577  518
 123 1195   76 1228
 121  925  146  870
1565 1006 1543  947
 554 1316  596 1277
 346 1002  346 1083
 513  785  594  785
 771 1982  771 1901
 176 1057  241 1073
 636 1512  568 1526
1469   13 1541    3
 670  779  594  785
1231 1432 1149 1432
 540  168  584  130
1617 1261 1617 1179
1713 1277 1793 1274
1552  129 1469  129
 515 1564  591 1557
 278   57  279  139
1814  106 1877  126
 995 1831 1059 1851
1706 1658 1789 1659
1713  447 1629  447
1366  582 1439  571
 297 1543  302 1622
 388  466  466  472
1912 1271 1920 1194
  13  406   87  417
1481  571 1488  493
1488  387 1403  387
 915 1054  900 1124
1541 1188 1617 1179
 757  273  775  340
 682  743  678  661
 957  268 1014  297
 591 1557  593 1642
 546 1760  550 1843
 466  472  502  523
  13  406   39  345
1009  654 1010  740
 526  654  438  654
1960  351 1963  266
1745  972 1745  884
1822  972 1885  997
1259 1273 1345 1271
 277 1400  305 1340
1075  251 1075  162
1469   13 1469  102
1885  997 1965  988
1410 1839 1398 1762
 284  312  194  312
1277  492 1277  582
 915 1054  953 1001
1224 1031 1224  940
 138  277  194  312
 291  479  348  445
1223 1684 1305 1675
 934 1474  940 1560
1256  421 1277  492
1974  180 1991  105
1180 1239 1190 1157
1180 1239 1270 1241
 584  130  585   38
 771 1901  831 1868
 889  513  966  530
1891  501 1923  563
 710 1034  616 1034
1243  907 1337  906
1410 1839 1410 1934
  33  189   39  279
1713 1277 1617 1277
1175  437 1256  421
   0    0    5   92
1963  266 1974  180
 393 1844  435 1899
 594  648  678  661
1807  367 1831  293
1042 1700 1083 1757
1626  962 1543  947
1070  582 1024  530
  87  417   89  513
 789  109  868   89
   5  118   33  189
 305 1340  331 1267
 916 1712 1007 1721
 652 1868  667 1783
1149 1444 1156 1537
 577  518  669  527
1160 1851 1059 1851
1066 1017 1114  964
1644  840 1745  840
1965  988 1984 1070
   1 1540    2 1640
1467  676 1481  588
 631  353  634  254
1486  894 1543  939
 638  231  649  139
  29   92   94   54
1667 1147 1762 1137
1238 1359 1259 1273
1669  932 1729  884
1410 1839 1494 1814
 716  435  817  427
1508  493 1590  466
 596 1277  602 1174
 910  137 1013  144
1721 1967 1765 1900
 300 1826  393 1844
 426  183  444  276
 730  798  796  752
 953 1001 1056 1010
 205  415  239  493
1012  850 1010  740
 414 1575  515 1564
1991  105 1999    0
 235 1957  339 1947
1094  694 1209  694
 504 1068  404 1083
1010  861 1123  865
1083 1757 1059 1851
 155 1702  255 1684
 916  885 1010  861
1738  235 1850  227
1615 1933 1642 1837
1793 1774 1793 1900
1454 1934 1564 1918
1223 1684 1235 1570
1766  792 1892  793
 745 1526  798 1601
1580  230 1706  232
 426  183  540  168
 649  139  732   93
 224 1772  300 1826
 339 1947  468 1945
 150  819   89  749
1277 1565 1403 1570
  76 1272  198 1261
1921 1944 1999 1999
 191    7  278   57
1560 1715 1697 1715
 466  472  511  379
 198 1261  331 1267
1615 1933 1721 1967
1345 1271 1420 1337
 377  854  488  800
1921 1944 1793 1900
1713  447 1807  367
1963  605 1968  785
   0 1999  181 1957
