669
1377  226 1377  225
 859 1536  859 1537
1568  460 1568  459
 476 1053  476 1052
1535 1783 1535 1785
 622   96  622   98
 314  662  314  660
1747 1349 1745 1349
1601 1556 1603 1556
1568  570 1568  568
 277 1765  274 1765
 138 1211  138 1214
1379 1782 1379 1785
 881 1318  884 1318
1045 1385 1048 1385
 944 1520  944 1523
 851 1523  851 1520
1091 1800 1091 1797
1886 1389 1886 1386
 423  387  423  384
 331  315  335  315
1353 1165 1353 1161
 831  155  831  151
1540 1831 1535 1831
 805 1097  800 1097
 830  132  830  137
1553  564 1554  568
 115  337  115  342
1361  864 1366  864
1567  429 1561  429
 311 1052  316 1053
 561 1028  566 1027
 800 1097  793 1097
1987  500 1987  507
 943  296  950  296
 247  394  247  387
1763 1786 1770 1786
1299 1817 1299 1810
 816 1656  816 1663
1225 1193 1225 1186
1279 1741 1279 1734
1588 1785 1588 1793
 456 1204  456 1212
1737 1386 1745 1386
1831  331 1838  330
1532 1778 1535 1783
 230 1248  233 1253
 255  297  255  305
 242  384  247  387
 671 1057  662 1057
1198   51 1198   42
1889  393 1889  384
1140 1800 1131 1800
 920  146  920  137
1561  419 1561  429
 255  305  255  315
1140 1841 1130 1841
1716  761 1706  761
 316 1043  316 1053
1181 1815 1191 1815
 336  305  335  315
 816 1543  810 1538
1860 1364 1871 1364
 958 1786  958 1797
1490  430 1500  429
1499 1828 1492 1824
1752 1786 1763 1786
1131 1691 1131 1702
1726   96 1737   96
1553  564 1553  552
 274 1615  262 1615
 581 1040  581 1028
 178 1214  166 1214
 323 1084  311 1084
1073  511 1085  510
1674  135 1674  122
 637 1212  636 1224
 990  966  990  953
1292 1734 1279 1734
1294  485 1303  481
1376  896 1366  899
 473  899  480  905
 489 1022  476 1022
 470  635  481  633
  23 1883   36 1883
1541  553 1553  552
1369  107 1383  107
1568  459 1554  459
1568  568 1554  568
 409  338  423  338
1958 1189 1972 1189
1871 1148 1871 1162
 213 1601  213 1615
 830  137  831  151
1131 1800 1131 1815
1153  803 1138  803
1490 1811 1492 1824
1708  855 1722  854
1554  583 1554  568
 315 1029  316 1043
 824  759  808  759
1554  443 1554  459
1798  201 1802  189
 581 1028  566 1027
1778 1661 1778 1645
 125  706  109  706
 608 1102  608 1086
 884 1523  881 1536
 892 1792  904 1797
1282 1810 1299 1810
 979 1073  990 1067
 144 1599  144 1616
 215  660  229  657
 473  899  476  884
1603 1612 1599 1598
1180   42 1198   42
1958  582 1969  589
1716  761 1722  749
1015 1143 1018 1128
 199 1619  213 1615
 333  768  314  768
 462  549  481  549
 903 1406  884 1406
1842  906 1823  906
 476 1022  480 1007
1048 1275 1045 1291
 294 1131  302 1142
1812  330 1831  331
 591 1553  571 1553
1684 1641 1684 1661
1683 1921 1698 1926
1603 1612 1624 1612
 904  953  900  936
 414  372  423  384
1554  443 1561  429
 447  884  447  905
1072  112 1093  112
1131 1723 1131 1702
 851 1523  859 1536
 837 1543  816 1543
 423  359  423  338
 445 1291  445 1270
1700  777 1706  761
 775 1299  775 1277
1072  112 1080  126
1669  405 1669  383
1485 1988 1487 1968
1115  112 1093  112
 808  559  828  557
 414  372  423  359
 259  762  265  746
 878  936  900  936
 859 1536  881 1536
1125 1418 1141 1411
1339  924 1316  924
1348 1143 1353 1161
 717  134  737  137
 271  425  247  425
 974  356  950  356
 204 1190  204 1214
1188  270 1207  265
1323 1785 1299 1785
 155  895  130  895
1855  212 1857  189
 950  381  950  356
 311 1008  315 1029
 800 1164  775 1164
1299 1810 1299 1785
 964  240  988  241
1563 1785 1588 1785
 782 1985  794 1998
 816 1631  816 1656
 170 1236  166 1214
 178 1214  204 1214
 398  385  423  384
 962  771  962  797
1379 1785 1405 1785
 643 1507  643 1533
 661 1812  661 1838
 884 1432  884 1406
1130 1841 1131 1815
1404  225 1377  225
1355  632 1373  641
1134  408 1134  381
 622   96  633   80
1383  135 1383  107
 837 1543  859 1537
 427 1725  455 1725
1563 1785 1535 1785
1530 1369 1502 1369
 845 1845  871 1843
1234 1275 1206 1275
1018 1067  990 1067
 138 1214  166 1214
1918  384 1889  384
1639 1598 1624 1612
 795 1070  793 1097
1141 1411 1166 1415
 637 1212  608 1212
1685  370 1669  383
 445 1270  445 1241
 962 1534  944 1523
 447  884  476  884
 294 1241  311 1253
1669  383 1640  383
1557 1366 1570 1350
  40  342   70  342
 661 1838  691 1838
 517  750  487  750
 634 1090  660 1086
 476 1022  476 1052
 634 1090  608 1086
1987  507 1958  508
1463 1536 1472 1557
 662 1027  662 1057
 137 1182  138 1211
1530 1369 1557 1366
1867 1189 1871 1162
1044  514 1016  511
 660 1086  662 1057
 247  394  247  425
1238  265 1207  265
 761 1739  730 1739
1054  132 1080  126
 207  411  175  411
1044  514 1073  511
 311 1084  311 1052
 907  503  914  528
1500  429 1513  448
 791 1491  810 1504
1278  119 1298  107
1823  938 1823  906
 487  863  476  884
  29  181   61  181
 546 1560  571 1553
1731 1921 1763 1921
1466 1932 1492 1939
 375  395  398  385
 521 1533  527 1506
 261 1241  294 1241
 668  402  695  396
 229  657  259  660
 321  794  314  768
 469 1650  469 1616
1303  447 1303  481
 810 1504  810 1538
1487 1968 1492 1939
1640  349 1640  383
 838 1028  844 1000
 768  724  773  694
 915 1537  881 1536
1727  719 1722  749
1087 1766 1091 1797
1366  899 1366  864
 785 1139  775 1164
 109  641  125  660
1222 1810 1191 1815
 870  908  878  936
 571 1619  546 1608
1892 1349 1871 1364
1745 1386 1745 1349
1605  459 1568  459
1366  827 1366  864
 953  825  962  797
1269  905 1300  899
1763 1823 1763 1786
1886 1386 1871 1364
 662 1027  680 1008
1309  193 1311  229
1698 1926 1731 1921
 604 1136  608 1102
 153  342  115  342
 230 1248  261 1241
 139  414  175  411
1499 1828 1535 1831
   2  637    8  604
 375 1302  380 1268
 433 1619  469 1616
1502 1187 1515 1161
1091 1800 1131 1800
1863 1116 1871 1148
1298   67 1298  107
 263  457  271  425
 456 1212  445 1241
1737  188 1697  188
  60 1928   81 1909
1502 1251 1530 1239
 423  338  423  297
1300  899 1316  924
 950  691  964  718
 369   24  396   10
1041 1795 1009 1786
1127  347 1134  381
 884 1318  884 1277
1156   24 1180   42
1193 1358 1219 1374
   8  604   41  613
1130 1918 1144 1890
 934 1815  958 1797
 431 1095  431 1052
1294  485 1297  525
 388 1052  431 1052
1770 1696 1778 1661
1892 1306 1892 1349
 915 1537  944 1523
1346  481 1303  481
1206 1318 1206 1275
 695  353  695  396
 813  691  773  694
1006  797  962  797
1029  948  990  953
1207  373 1207  417
1601 1556 1599 1598
1763 1823 1779 1851
1532 1019 1532 1063
 786  537  808  559
1406 1580 1406 1536
 115  342   70  342
1623  218 1617  179
1006  797 1038  810
 431 1052  476 1052
1152  626 1187  616
1168  245 1188  270
1114  315 1127  347
1673  749 1706  761
 828  557  865  548
 125  706  125  660
1034  241  988  241
1535 1785 1535 1831
 668  402  622  402
1513  448 1554  443
 636 1270  636 1224
1532 1019 1535  976
1191 1890 1144 1890
 369   24  369   71
 406  703  406  750
1508 1901 1525 1871
1419  118 1383  107
1045 1385 1045 1432
1016  366 1022  325
1406 1580 1431 1603
1624 1660 1624 1612
 589  113  622   98
1238  265 1268  247
1460 1375 1502 1369
 546 1560  546 1608
 904 1797  934 1815
 686  151  717  134
 124 1100  141 1069
1730 1645 1778 1645
1472 1557 1496 1582
 213 1615  262 1615
1190 1108 1190 1157
 835 1277  884 1277
 773  774  808  759
 196  276  218  248
 785 1139  793 1097
1181 1815 1131 1815
1684 1641 1730 1645
 532 1007  561 1028
1583  797 1630  794
 262 1727  274 1765
1525 1871 1535 1831
1417 1824 1405 1785
 958 1786 1009 1786
 332 1616  375 1608
1910 1779 1929 1747
1840 1395 1860 1364
1339  924 1366  899
1041 1795 1091 1797
 597  531  622  504
 532 1007  480 1007
 521 1533  546 1560
1941  460 1889  460
 974  356 1016  366
 490   99  541   98
1140 1841 1144 1890
  36 1957   60 1928
1727  719 1774  713
1193 1358 1206 1318
1085 1067 1133 1072
 668  664  720  662
1852 1648 1855 1699
1492 1939 1508 1901
 302 1142  311 1187
 207  411  247  425
 693 1538  643 1533
1661  847 1708  855
1802  189 1857  189
 314  660  259  660
 768  724  773  774
 962  771  964  718
1446 1099 1502 1099
 490   99  507  138
1644 1793 1588 1793
1261  415 1207  417
1323 1785 1379 1785
1697  322 1753  322
1731 1977 1731 1921
1463 1536 1406 1536
1722  854 1731  902
1297 1491 1316 1453
1879  508 1889  460
 199 1619  144 1616
1292 1734 1299 1785
 460   71  490   99
 274 1615  332 1616
 714 1874  691 1838
1838  526 1879  508
 691 1759  730 1739
1326  808 1366  827
1855  271 1855  212
1006  415 1016  366
 950  356  950  296
1222 1810 1282 1810
1865  824 1914  835
 230 1248  204 1214
1685  370 1697  322
 835 1277  775 1277
1287  576 1297  525
1355  632 1294  632
1268  247 1311  229
1624 1660 1684 1661
 915   43  935    2
 259  762  314  768
1753  383 1753  322
1018 1128 1018 1067
1158 1186 1190 1157
1772  122 1737   96
 352 1341  375 1302
 209 1543  213 1601
1706  568 1712  624
  53 1837   36 1883
1287  576 1294  632
 445 1291  477 1322
 541   98  589  113
1502 1187 1502 1251
 902 1231  884 1277
1405 1721 1405 1785
1095 1992 1144 1977
 294 1131  311 1084
1225 1186 1190 1157
 858 1685  816 1663
1774  713 1835  716
 760  396  695  396
1500 1745 1532 1778
1806 1162 1871 1162
1941  460 1958  508
1722  854 1780  862
 311 1187  311 1253
1532 1063 1502 1099
1588 1859 1588 1793
1344  417 1346  481
  31 1429   39 1487
1737  188 1802  189
 380 1268  445 1270
  58  690  109  706
1085 1067 1018 1067
1662 1706 1684 1661
1812  330 1753  322
1889  393 1889  460
1484  183 1547  179
 700 1240  751 1224
1060 1486 1045 1432
 865  548  914  528
  60 1928   36 1883
 375 1608  433 1619
1311  229 1377  226
 266 1867  205 1858
 455 1795  455 1725
 964  240  950  296
 566  957  566 1027
 522   47  541   98
1547  179 1617  179
1093   42 1093  112
1369  107 1298  107
1610 1063 1658 1040
 134 1858  205 1858
 335  108  369   71
 130 1673  144 1616
 591 1553  643 1533
 871 1843  892 1792
1138  876 1199  864
 388 1052  316 1053
1138  876 1138  803
 581 1040  608 1086
1085 1067 1103 1012
1130 1918 1144 1977
1283 1157 1353 1161
1958  582 1958  508
 672  877  690  933
1261  415 1303  447
1273 1666 1279 1734
 623  694  668  664
1515 1161 1502 1099
 465  264  423  297
1417 1824 1492 1824
1936   13 1999    0
 720  586  720  662
 331  315  255  315
1674  135 1697  188
 730 1663  730 1739
1855  271 1838  330
  61   84   73   19
 988  164  988  241
 517 1246  445 1241
 981 1304 1045 1291
1852 1648 1778 1645
1131 1723 1131 1800
1846 1792 1910 1779
 751 1224  775 1277
1610 1063 1532 1063
1144 1291 1206 1275
   0 1999   36 1957
 205 1780  205 1858
1726   96 1674  122
1243    9 1198   42
 301  853  321  794
 691 1759  691 1838
 845 1845  794 1874
 700 1240  636 1224
 604 1136  608 1212
1453 1018 1532 1019
 196  276  255  297
 900  856  900  936
 255  315  247  387
  70  425  139  414
 714 1874  794 1874
1093   42 1156   24
 487  750  406  750
1479  951 1535  976
1207  373 1134  381
 573  662  623  694
1846 1792 1770 1786
 169  203  184  135
  70  425   70  342
 596 1313  636 1270
1459  552 1541  553
 380 1268  311 1253
1166 1415 1193 1358
1009 1702 1009 1786
 900  856  953  825
 751 1224  775 1164
 481  633  481  549
1630  794 1661  847
 205 1780  274 1765
1712 1297 1745 1349
 795 1070  838 1028
 381  924  447  905
 720  662  773  694
 680 1008  690  933
 469 1616  546 1608
1131 1691 1138 1613
1316 1453 1395 1460
 134 1858  166 1912
 904  953  990  953
1779 1851 1763 1921
1700  777 1708  855
 920  146  988  164
 730 1663  816 1663
1780  862 1823  906
1395 1460 1406 1536
1892 1306 1972 1299
1283 1157 1225 1186
 816 1631  816 1543
 884 1318  884 1406
  81 1909  166 1912
1375 1081 1446 1099
1753  383 1774  451
1348 1143 1375 1081
 469 1650  455 1725
1697  188 1617  179
  69 1630  144 1616
 830  137  920  137
 215  660  125  660
1547  179 1548  268
1770 1696 1770 1786
1867 1189 1958 1189
 333  768  406  750
 884 1432  884 1523
 460   71  369   71
1225 1193 1234 1275
 265  746  259  660
 125  706  130  793
   0    0   73   19
1187  616 1204  692
1133 1072 1190 1108
1807 1581 1778 1645
 737  137  830  137
 568 1838  661 1838
 169  203  218  248
1045 1385 1045 1291
  41  613   58  690
1745 1480 1745 1386
1836 1049 1863 1116
1125 1418 1045 1432
 141 1069  166 1000
1554  459 1553  552
 336  305  423  297
 124 1100  137 1182
1383  135 1377  225
 686  783  773  774
  61   84   61  181
 175  508  175  411
 793  888  870  908
 988  164 1054  132
 844 1000  878  936
 915   43  920  137
1857   33 1936   13
 990  966  990 1067
 299  574  314  660
1914  835 1964  784
 622  504  622  402
1623  911 1661  847
 130  793  130  895
1022  325 1114  315
 480  905  480 1007
1958  212 1855  212
1840 1395 1745 1386
1889  384 1838  330
 549  434  622  402
1842  906 1865  824
1644 1793 1662 1706
1953 1939 1999 1999
1006  415 1016  511
1316 1033 1375 1081
1038  810 1138  803
1207  373 1207  265
1646 1145 1692 1207
 672  877  686  783
1693 1536 1745 1480
1860 1955 1953 1939
1316 1033 1316  924
1693 1536 1603 1556
1712  624 1727  719
1692 1207 1712 1297
1972 1299 1972 1189
1605  459 1640  383
 262 1727  262 1615
 487  863  487  750
  73  979  166 1000
1599 1443 1601 1556
 720  586  808  559
 693 1538  810 1538
 907  503 1016  511
 686  151  622   98
1502 1251 1502 1369
 643 1507  665 1411
1496 1582 1599 1598
 481  633  573  662
1404  225 1484  183
1187  616 1294  632
1987 1081 1972 1189
 782 1985  794 1874
1823  938 1836 1049
1353 1165 1375 1270
1617   50 1674  122
 169  203   61  181
1860 1955 1763 1921
 760  396  769  274
 597  531  481  549
1299 1817 1311 1955
 263  457  299  574
 968 1942  958 1797
  15  854  130  895
1857   33 1857  189
 266 1867  302 1988
  87 1323  138 1214
  31 1429   87 1323
