657
 747 1871  748 1871
 595  541  595  542
 593  133  593  131
 927 1161  927 1163
1336  117 1336  115
 307 1968  307 1966
 669  284  667  284
  99  537   99  541
1123 1440 1119 1440
 121  927  125  927
1891 1951 1895 1951
1604 1542 1607 1541
 563 1342  559 1342
 868  215  868  220
1164 1461 1169 1461
1248 1450 1248 1455
 559 1498  559 1503
1181  693 1176  693
1828 1532 1828 1527
 669  284  669  289
 409 1656  414 1656
1966 1331 1968 1328
1979 1693 1980 1689
1966 1331 1970 1333
 618  688  614  686
1451 1015 1451 1021
1647  573 1640  573
 125  927  125  919
1119  221 1112  220
 213 1415  222 1415
1171 1933 1171 1942
 885  317  885  308
1874 1541 1874 1532
1698  837 1704  840
1626  463 1623  457
 489 1327  494 1323
1000  317 1000  308
1354 1774 1356 1781
1843 1998 1843 1989
1527 1260 1537 1260
 405 1067  408 1060
1964 1572 1974 1572
 699  203  699  213
1095  175 1105  175
1108 1650 1108 1640
 770  226  760  226
 457 1075  467 1075
1409  709 1409  699
1585  616 1585  626
1710  423 1715  418
 408 1060  408 1050
 577 1650  566 1650
 599  562  588  562
  40 1592   42 1583
 688  506  688  518
 591  553  588  562
 566 1650  554 1650
1169  657 1181  657
 204 1272  204 1284
1434 1910 1434 1922
1415  579 1417  568
1854 1240 1841 1240
1218  681 1218  694
1371  171 1380  167
1515  691 1528  691
1595   99 1595  112
 882  728  882  715
1558  334 1544  334
 579  133  593  133
1520 1035 1520 1021
1865 1527 1874 1532
 251 1215  251 1201
 627 1968  627 1953
 559 1342  559 1327
 566 1709  581 1709
1646  971 1643  983
1334  569 1334  584
 591  553  595  542
1707 1773 1711 1785
1256  931 1272  931
1451  999 1451 1015
1819  998 1826  989
 960  308  974  306
 572  562  588  562
 506  793  515  786
1827 1989 1843 1989
1235  694 1218  694
1112  185 1105  175
1105  158 1105  175
1235  711 1235  694
  37 1606   40 1592
 153 1810  147 1799
 597  667  614  667
 899  715  882  715
1526 1922 1536 1929
 721 1857  729 1848
1136 1555 1119 1555
 965  722  982  722
 143  919  125  919
1107 1613 1119 1607
1003 1937  995 1947
1819  998 1801  998
1404  587 1415  579
 614  542  595  542
 557 1699  566 1709
 326 1966  307 1966
1764  952 1764  971
 614  667  614  686
1913  528 1932  528
 665  115  669  131
1256  931 1236  931
 974 1947  995 1947
1598  565 1617  567
 253 1008  238 1002
1236  589 1236  568
 594 1140  594 1119
1606 1521 1607 1541
  99  563   99  541
  78  483   96  479
 748 1987  748 1965
1910  345 1932  345
 263 1849  283 1847
 147 1727  153 1743
 141 1711  147 1727
 911 1960  918 1975
 514 1321  494 1323
 205  725  191  716
1258  694 1235  694
1833   89 1833  112
 595  518  595  541
1328 1876 1345 1882
 124 1631  141 1637
 894 1414  893 1436
1854 1016 1874 1020
1640  597 1640  573
 835 1241  840 1222
 646 1948  627 1953
1243 1945 1264 1942
1799 1501 1805 1519
 995 1971  995 1947
 143  919  167  919
 124 1631  124 1606
 467 1050  467 1075
 307 1966  307 1941
1249  777 1249  803
1948  546 1949  571
1783 1221 1775 1240
1103  103 1105  128
 236  575  237  549
1829 1255 1841 1240
 242  639  256  652
1198  472 1198  445
 452  332  463  316
1084 1536 1084 1563
 587  686  614  686
1447  976 1451  999
 308 1177  311 1201
1537 1260 1537 1288
 525 1012  533 1032
 917 1344  942 1341
 127  563   99  563
 308 1177  336 1177
 903 1940  911 1960
1107 1613 1108 1640
 974  306 1000  308
 191  744  191  716
 628 1804  600 1804
 581 1844  600 1853
1169 1461 1192 1455
 209 1308  204 1284
1617  567 1640  573
1640  597 1640  626
 422  764  422  793
 670  213  699  213
1676  731 1676  702
1119 1440 1110 1461
 863 1571  893 1571
 199 1512  213 1528
1084 1465 1110 1461
 209 1147  216 1124
1105  158 1105  128
1741 1785 1711 1785
 559 1296  559 1327
1537 1139 1527 1160
 198  919  167  919
1805 1519 1828 1527
1558  334 1582  327
 779 1870  748 1871
 358 1010  390 1010
 192 1487  199 1512
1743  249 1760  264
1062  515 1030  515
 959 1163  927 1163
 129  479   96  479
 526  529  526  562
1228 1840 1261 1840
1704 1468 1704 1501
 390  977  390 1010
1692 1447 1704 1468
 597  667  594  637
1204  744 1204  777
 217  942  238  954
 251 1215  273 1227
1948  546 1932  528
 984 1577 1004 1563
1642  702 1676  702
 842 1965  849 1992
  50  984   51  951
 463  316  478  297
1097  399 1062  399
 614  542  637  530
 213 1528  243 1523
1930  312 1932  345
1678  983 1643  983
 422 1243  457 1243
1488 1160 1488 1125
1112  185 1112  220
 464 1317  489 1327
 307  716  281  725
 735 1339  761 1349
1640  626 1642  660
 253 1008  260 1037
1315  132 1336  117
1815  756 1848  759
1181  693 1181  657
1377 1498 1413 1498
1113 1218 1137 1230
 145 1248  145 1284
1953 1819 1917 1819
 884 1611  853 1616
 452 1798  416 1798
1548  302 1544  334
1065 1519 1084 1536
 667  248  667  284
1979 1693 1995 1714
1865 1527 1828 1527
1891 1474 1921 1481
1854 1951 1891 1951
1176  730 1176  693
 667  248  670  213
1896 1914 1895 1951
1198  445 1236  445
1118  938 1149  931
1249  803 1249  841
 588  751  594  783
1845  794 1848  759
1181  693 1218  694
 559 1380  559 1342
1660 1293 1660 1255
 368  414  384  436
1261 1840 1264 1876
1367  748 1367  709
1488 1160 1527 1160
1383 1443 1413 1452
 885  317  905  336
1704 1501 1704 1541
1000  308 1000  268
 721 1857  747 1871
1145  128 1105  128
 475 1221  457 1243
 647  307  669  289
 770  226  810  226
 510  960  539  971
1930  312 1950  292
1889  759 1848  759
1290  803 1249  803
1974 1440 1974 1481
1034  412 1062  399
1614  284 1638  267
 377 1800  416 1798
1536 1929 1570 1922
1244  535 1236  568
1003  402 1034  412
1930 1957 1895 1951
 334  421  368  414
 794 1135  835 1135
 757 1026  794 1031
 366  959  390  977
1176  730 1204  744
1409  709 1367  709
 305 1800  263 1800
1642  702 1642  660
  40 1803   78 1799
1150 1640 1108 1640
 198  919  217  942
 125  873  167  874
1119 1555 1084 1563
1528  734 1528  691
1949  571 1971  592
 853 1660  853 1616
1269 1597 1295 1579
1247  324 1289  326
1697 1739 1707 1773
1248 1370 1258 1404
1896 1914 1917 1891
1336  115 1380  115
 691 1631  707 1603
1188 1709 1189 1666
1930 1957 1959 1973
1507 1303 1537 1288
1249  777 1204  777
1932  483 1932  528
1443 1125 1488 1125
 167  874  167  919
1236  874 1249  841
1669  457 1623  457
 715  131  669  131
1566 1527 1606 1521
 640 1119  594 1119
  96  606   99  563
 414  340  452  332
 598 1680  581 1709
1413 1452 1413 1498
 572  562  526  562
 414 1702  414 1656
 777 1826  779 1870
1826  821 1845  794
 281  678  281  725
 472 1117  467 1075
 644 1681  691 1681
1239  285 1247  324
 165 1077  165 1124
 598 1680  644 1681
 209 1308  222 1342
1446  350 1473  330
 253 1008  295 1002
1180  610 1181  657
 554 1602  554 1650
1233  400 1236  445
 323 1415  364 1422
 363  910  387  886
1544  224 1559  191
1099 1959 1136 1970
 238  954  238 1002
 263 1849  263 1800
 494 1372  494 1323
 600 1853  600 1804
1285  445 1236  445
 884 1611  893 1571
 862  172  868  215
 561 1914  607 1911
1591 1288 1613 1261
1854 1951 1843 1989
 600 1739  581 1709
 777 1826  788 1788
 691 1631  691 1681
  69  629   96  606
 498  922  510  960
1030  676 1030  727
 577 1650  598 1680
 387  886  426  898
 256  652  281  678
1064 1657 1108 1650
 514 1321  559 1327
 162 1415  213 1415
 216 1124  165 1124
 894 1414  924 1393
1774   49 1808   32
 718 1304  735 1339
 363  910  366  959
1380  167 1380  115
 390  977  437  982
1325  699 1367  709
1119 1607 1119 1555
1619 1803 1672 1803
1617  514 1617  567
 982  722 1030  727
1613 1261 1660 1255
1819  998 1854 1016
1921 1481 1974 1481
1550  660 1528  691
1164 1461 1110 1461
1631  907 1643  865
 283 1847  313 1871
1591 1288 1537 1288
 648  637  594  637
1669  457 1686  495
 896  264  885  308
1711  272 1743  249
 157  295  207  290
1640  626 1585  626
1550 1218 1537 1260
 798 1616  853 1616
 525 1012  539  971
1870  968 1874 1020
1103  103 1108   52
 917 1344  924 1393
1192 1455 1248 1455
 837 1436  893 1436
1248 1450 1258 1404
1672 1803 1711 1785
  22 1764   40 1803
1268 1541 1269 1597
1236  874 1236  931
 414 1702  448 1725
1415  579 1467  584
1895 1757 1953 1757
  39 1109   86 1120
 215 1810  263 1800
  41  541   99  541
1701 1238 1660 1255
1875  715 1889  759
 721  881  721  823
 390 1010  408 1050
 145 1284  204 1284
1628 1933 1672 1918
 730  535  688  518
 962 1614  984 1577
 467 1050  408 1050
 247 1941  307 1941
 661  823  721  823
1617  514 1626  463
 452  332  495  349
 311 1201  251 1201
  99  537   96  479
 141 1711  166 1675
1724  648 1748  611
1801 1059 1801  998
 153 1743  147 1799
 215 1810  153 1810
 607 1911  627 1953
1953 1819 1953 1757
 635  859  661  823
 471 1651  414 1656
 737 1069  757 1026
 810  289  810  226
1845 1744 1895 1757
1136 1970 1171 1942
 637  530  688  518
 141 1637  166 1675
1014 1878 1067 1888
 593   68  593  131
 269 1286  273 1227
 387  886  411  846
 971  871  982  818
1652 1847 1672 1803
 707 1806  729 1848
 305 1736  305 1800
 416 1862  416 1798
1357   72 1336  115
 495 1503  559 1503
 810  226  868  220
 411  846  422  793
1328 1876 1264 1876
1801  998 1764  971
1444  115 1380  115
1932  483 1962  449
 600 1853  607 1911
 184 1013  238 1002
 777  814  721  823
1150 1640 1189 1666
 600 1739  600 1804
1743  551 1794  537
1743  551 1748  611
1841 1240 1775 1240
1959 1973 1999 1999
 587  686  588  751
1264 1942 1264 1876
1414 1968 1434 1922
1761 1411 1775 1358
 708 1008  757 1026
 269 1286  204 1284
 715  131  760  153
1261 1773 1261 1840
 608 1401  653 1424
1444  115 1467   70
1866  550 1913  528
 981  535 1030  515
1520 1021 1451 1021
  78 1799  147 1799
1628 1933 1570 1922
1550  660 1585  626
1572 1989 1570 1922
 559 1380  608 1401
 236  575  242  639
1446  350 1469  397
1550 1218 1584 1182
1003 1937 1014 1878
 978  220 1000  268
1109  727 1176  730
1084 1465 1084 1536
 295 1002  358 1010
1258 1404 1327 1406
 896  264  868  220
1917 1891 1917 1819
 384  436  403  489
1258  694 1325  699
 959 1683  962 1614
 377 1800  305 1800
 899  715  965  722
 222 1342  222 1415
1404  587 1334  584
 760  153  760  226
1874 1020 1939 1028
 842 1965  911 1960
1640 1642 1669 1687
 422  764  467  735
 237  549  297  535
 721 1725  691 1681
 699  213  760  226
1669  457 1710  423
1528  734 1563  774
1891 1474 1874 1532
1473  330 1544  334
 960  308  885  308
1582  327 1614  284
1243 1945 1171 1942
1420 1567 1413 1498
1596 1021 1520 1021
1084  268 1112  220
 313 1871  307 1941
 205  725  281  725
 911 1960  974 1947
 593  131  669  131
1701 1238 1775 1240
 810 1694  853 1660
1180  610 1236  589
 134  696  191  716
1374 1015 1451 1015
 448 1725  452 1798
 522 1953  561 1914
1638  267 1711  272
 761 1349  840 1349
   0 1999   51 1971
 926  110  956   61
1584 1182 1527 1160
1631  907 1646  971
1109  727 1030  727
 599  562  594  637
1711 1614 1704 1541
1520 1809 1570 1839
1669 1687 1697 1739
1004 1563 1084 1563
 464 1317  457 1243
 884 1611  962 1614
 648  637  701  665
 959 1163 1004 1127
1564  867 1643  865
 628 1804  707 1806
 917 1344  840 1349
 515  786  594  783
1076  978 1118  938
1544  224 1548  302
1808   32 1833   89
 112  413   96  479
1582  327 1623  369
1570 1839 1570 1922
  86 1120  165 1124
 165 1077  184 1013
1228  130 1247   66
1643  865 1698  837
 802  956  794 1031
 467 1050  533 1032
1084 1281 1110 1339
 471 1651  554 1650
1084  268 1000  268
 506  793  422  793
1596 1021 1643  983
1995 1714 1953 1757
1145  128 1228  130
1570 1839 1619 1803
1794  537 1866  550
1469  397 1516  436
  37 1606  124 1606
 650 1323  718 1304
1324 1052 1374 1015
1153  286 1239  285
1084  268 1153  286
1236  931 1149  931
 712  334  669  289
1623  369 1623  457
1000  317 1003  402
1228  130 1315  132
1761 1411 1841 1401
1149  841 1149  931
1233  400 1247  324
1974 1481 1974 1572
1526 1922 1434 1922
1084 1281 1113 1218
1920  117 1833  112
 840 1222  835 1135
 192 1487  213 1415
1327 1406 1383 1443
 842 1965  748 1965
1261 1773 1354 1774
1710 1056 1801 1059
1563  774 1564  867
1724  648 1642  660
 748 1965  748 1871
  51  951  121  927
 650 1323  559 1327
1799 1501 1704 1501
 798  703  882  715
1848  646 1875  715
 982  818  982  722
 209 1147  251 1201
1669 1687 1757 1696
 891 1031  794 1031
  48 1284  145 1284
1607 1541 1704 1541
1244  535 1236  445
1678  983 1764  971
1693  112 1595  112
  20  678   69  629
1334  569 1236  568
 159 1903  153 1810
1640 1642 1711 1614
 323 1415  222 1415
  96 1532  124 1606
1047   11 1108   52
1067 1888 1099 1959
 554 1602  559 1503
 707 1603  798 1616
 794 1135  794 1031
1692 1447 1761 1411
1400  917 1447  976
1268 1541 1248 1455
 472 1117  475 1221
1034  412 1030  515
 594  783  661  823
 788 1788  888 1780
1920  117 1990  156
1110 1339 1119 1440
1970 1333 1974 1440
1443 1125 1451 1021
 835 1241  840 1349
1515  691 1409  699
1848  646 1866  550
  20  678   56  757
1559  191 1595  112
 434  586  526  562
1380  167 1412  252
1345 1882 1434 1910
 559 1380  559 1498
1775 1358 1775 1240
 927 1161  835 1135
 368  414  414  340
1420 1567 1480 1628
1354 1774 1387 1686
 127  563  236  575
 489  165  579  133
1980 1689 1974 1572
 472 1117  594 1119
 862  172  926  110
 403  489  434  586
 376  249  414  340
1962  449 1932  345
 251   13  256  146
1693  112 1833  112
   0    0   72   71
  16  365  112  413
 297  535  334  421
 112  413  157  295
1990  156 1999    0
  51 1971  159 1903
 207  290  256  146
  72   71  251   13
