2107
1998    0 1999    0
 788 1803  788 1804
 335  852  336  852
1428  205 1429  205
 233  667  233  668
1429  438 1429  439
1336  740 1337  741
1867 1932 1868 1933
 351  748  351  750
1389   15 1390   14
1425   45 1425   47
 522 1302  525 1302
1346 1931 1348 1930
1476 1498 1477 1496
 607 1815  608 1813
1193 1528 1195 1527
1700 1510 1702 1509
1946  162 1947  160
1766 1983 1767 1985
1643 1761 1643 1764
 233  667  236  667
1069  190 1069  194
1740 1737 1740 1741
   8 1193    9 1190
1707  889 1709  891
 351  748  347  748
1793  332 1794  335
1131 1673 1131 1677
 280  436  284  436
1656 1402 1656 1406
 626 1395  628 1393
1574 1360 1576 1363
1010  550 1010  545
 889  521  889  516
 842 1050  843 1046
 579 1049  582 1047
1377 1141 1377 1146
 820 1990  822 1993
1736  455 1740  454
 774  272  774  277
1280 1770 1282 1766
 651  227  652  222
1153  820 1158  819
 634   71  639   72
 696 1499  699 1496
1341  799 1342  794
1314  876 1319  875
  15   13   20   14
1299  695 1302  692
 284  436  287  433
1384 1413 1387 1416
 929 1349  931 1345
1435 1103 1437 1099
1423  438 1429  438
 477  967  482  966
1431   73 1425   73
 509 1772  511 1777
 516 1303  522 1302
 794 1749  797 1753
 135  207  142  207
 518 1168  519 1174
1059 1777 1065 1778
 761  381  762  375
1151 1982 1155 1985
1892  632 1896  629
1204  515 1211  515
  96  172   98  178
 771  220  772  227
 942  146  943  139
 376  666  377  673
 636  953  640  949
1524  291 1527  286
 430  906  438  906
 499 1233  507 1233
 283  464  288  467
 497 1608  500 1603
1740  446 1740  454
1087 1470 1093 1468
 873  366  877  361
  19 1813   21 1806
 177  956  182  952
 507 1224  507 1233
 741 1111  748 1109
 424  156  425  148
 842 1050  849 1052
  54 1143   61 1145
1223  274 1224  266
1617 1586 1621 1591
 755 1374  761 1377
1116  266 1118  273
1470 1388 1478 1389
1780 1198 1781 1206
 832   10  839   12
 468 1639  469 1647
1694  545 1698  540
 125 1286  134 1286
 321  536  323  543
   0 1999    9 1999
1323 1250 1328 1254
 620   37  621   29
 105  561  107  569
  46  291   49  298
1399 1873 1407 1871
 166 1883  174 1885
1239  136 1245  140
1204  515 1205  506
1927  452 1935  454
1509 1362 1516 1359
1113 1259 1122 1260
1286 1628 1291 1623
1250 1319 1259 1318
1609 1906 1615 1910
1210  525 1212  533
 332  898  336  904
1674   91 1682   93
1333  489 1341  487
1435 1103 1445 1103
1494  521 1502  519
 869  546  878  545
 857  277  864  280
 130  609  135  604
 112  741  117  746
1508 1372 1509 1362
 478 1613  486 1610
 958  802  966  799
1377 1146 1387 1147
1477  654 1478  644
 444  885  453  883
 446 1897  450 1890
 934  276  939  270
1062  186 1064  177
1062  186 1069  190
 607 1864  613 1869
1747  225 1752  231
 911  288  920  286
1301  189 1308  185
 431 1310  431 1321
1740  454 1751  454
1326 1560 1330 1567
1604 1912 1609 1906
1835   19 1835   30
1000  483 1003  491
 376  666  383  662
1210  525 1211  515
1095 1639 1103 1636
1587  581 1595  584
 546 1210  551 1216
 896  180  906  179
 350 1501  350 1512
1921  457 1927  452
 819 1070  822 1061
 303  627  303  639
1109  542 1112  551
1726 1278 1730 1270
 727  658  736  655
 138  395  140  405
1306   85 1307   96
 992 1989  995 1980
 992 1971  995 1980
 363  440  369  434
 687 1496  699 1496
1776  441 1782  447
1665  916 1672  921
  94  489   99  482
 237  240  246  243
1247  747 1254  752
 543 1371  547 1363
 981  726  992  727
 424  156  427  165
1725  785 1729  793
 428 1150  436 1154
 503  257  514  256
 297  645  303  639
1319 1242 1323 1250
1713 1904 1701 1904
 115  100  125  102
 511 1777  521 1779
 774  272  779  265
 486 1610  497 1608
 814  749  825  751
1101 1920 1107 1913
 812  732  817  724
 568  333  579  335
1446   51 1455   47
1816 1406 1819 1396
 570 1740  570 1727
1029 1370 1030 1358
 377  443  382  451
 127  459  134  453
1280 1770 1288 1775
1566  744 1566  757
1243  819 1249  826
 701 1969  709 1974
 408 1365  411 1375
 141 1673  145 1682
1097  867 1102  859
1144  956 1150  963
  49 1151   54 1143
1941 1655 1942 1667
1723 1264 1730 1270
1848 1324 1851 1314
1327  724 1339  725
1752  231 1761  235
 560 1744  570 1740
1428  267 1428  281
  86 1829   92 1837
 219  317  227  323
1470  299 1477  306
   5  310   14  315
1264  232 1274  228
1800 1885 1802 1897
1316 1827 1329 1826
1522   69 1530   75
   1  939   14  938
1782  447 1786  437
  80  717   94  717
 329 1388  338 1393
1892  281 1901  286
1321  491 1333  489
1892 1160 1895 1149
1492  718 1502  722
1861 1924 1867 1932
1174 1554 1183 1549
 255 1533  262 1540
 743 1074  754 1071
 237  240  238  253
 569 1124  580 1121
 721  775  728  768
1511 1092 1521 1088
1517 1195 1523 1203
1655  966 1669  966
 939  270  947  264
1306   85 1314   79
1986 1457 1991 1466
1850 1301 1851 1314
 886 1982  891 1973
 747 1942  748 1956
1829  560 1835  551
1314  389 1325  385
 315  107  323  100
 278 1752  283 1762
1751 1696 1752 1682
 295 1080  307 1083
1562 1450 1571 1456
  36 1351   43 1359
 354 1118  362 1111
1292   96 1307   96
1208  769 1218  774
1423 1572 1437 1571
1260 1300 1272 1297
 722  248  733  252
 231  495  216  495
1471 1254 1472 1240
 309  116  315  107
 935  768  938  756
 617 1166  619 1153
1140  858 1144  869
1612  844 1623  848
 725 1844  728 1856
 446 1897  454 1905
1042 1667 1044 1653
1407 1871 1408 1856
1858  628 1874  628
1530  479 1532  493
1555  392 1569  390
 322 1379  329 1388
1216 1344 1218 1358
 578 1107  580 1121
1653 1545 1660 1536
1492 1035 1498 1025
 303 1841  312 1848
1431 1191 1446 1190
 863  560  867  572
1093 1759 1101 1751
 596  516  604  508
  94  717   97  704
 575 1678  581 1688
 882  741  888  731
 823  765  825  751
1347 1627 1356 1634
1411  302 1426  301
 701  557  713  553
 201 1484  211 1478
1716  232 1723  241
 946 1368  952 1358
 773 1306  779 1296
 472 1574  483 1569
 775  658  784  651
1271 1923 1271 1939
1271 1923 1278 1914
  53  641   63  635
1067 1440 1068 1425
1148  627 1148  643
 467 1534  471 1521
1157 1666 1172 1664
1069  194 1078  202
1627 1807 1639 1812
1092 1928 1101 1920
1271 1123 1288 1123
1387 1147 1402 1149
1835  551 1847  556
1459  305 1470  299
 113   85  115  100
 284 1207  289 1195
1790  348 1794  335
 312  229  318  240
 369  434  377  443
1773 1148 1790 1148
 621   29  628   19
1678 1045 1689 1039
 821    4  832   10
1511 1574 1519 1565
1428 1141 1442 1144
 697 1566  709 1571
1240 1595 1245 1607
1440 1758 1448 1767
1161  321 1173  326
 761  268  774  272
 547 1363  563 1362
1357  493 1359  508
 709 1571  724 1573
1007  914 1018  920
1148  627 1157  635
 541  359  549  350
 179  346  196  346
1477 1496 1484 1486
 482  966  484  981
1780   85 1794   82
1526   30 1542   29
 802   87  813   94
 733  837  739  825
1291 1623 1308 1624
1517 1029 1523 1041
1167 1565 1174 1554
1336  740 1339  725
 114  117  115  100
1465 1771 1466 1754
1044 1653 1058 1649
   6 1024   18 1018
 774 1674  785 1681
 446  945  461  948
1692 1234 1692 1252
1015 1557 1019 1543
 398 1257  414 1259
 816  994  822  982
 771  220  774  205
1635  794 1640  781
 886  172  896  180
 337 1298  341 1312
 216  513  216  495
1731 1111 1743 1105
1103 1267 1113 1259
1093 1759 1107 1763
1339 1054 1352 1059
 819   65  825   53
 637  753  650  758
1425 1126 1428 1141
  49  913   55  901
1811 1103 1818 1092
 799 1342  817 1342
 577  319  579  335
  98  178  113  181
1497 1355 1509 1362
 498  134  500  117
 924 1915  928 1900
  18 1018   35 1016
 612 1222  618 1235
1463  184 1468  198
 520  622  537  620
1784  911 1801  909
 929  534  940  526
1007 1568 1015 1557
1574 1360 1585 1352
1064 1895 1082 1896
 369    6  380   14
1633   11 1643    2
 686   74  702   77
 202  712  202  731
 812  732  814  749
  53 1424   67 1429
1258 1521 1262 1506
 153 1926  167 1931
 110  457  127  459
 893 1544  908 1540
 941 1016  956 1012
1577 1608 1577 1627
1259 1318 1260 1300
  96  327  112  324
1931  725 1940  715
 645 1565  661 1562
1010  550 1016  563
1967  165 1979  172
  20   14   33   20
1635  553 1650  557
 615 1411  626 1419
 801  249  818  251
 739  825  758  825
1154  225 1171  223
1130 1461 1136 1448
1064 1667 1074 1657
1250 1319 1255 1334
 934 1055  939 1040
 305  152  306  171
  31  264   50  265
 863  560  869  546
 110 1843  116 1857
1314   79 1333   78
 828 1808  836 1820
1346   57 1363   54
1184 1796 1202 1794
 887  839  902  844
 685 1254  691 1268
 963 1726  973 1716
1954 1117 1960 1131
1802 1897 1816 1903
   5  847   14  858
 131  416  140  405
 603 1934  613 1924
1216  903 1227  912
 245 1543  262 1540
1694  545 1695  564
 693  545  701  557
 283 1762  287 1778
 160  193  160  213
1318 1207 1323 1222
1638  918 1650  910
 276  993  277 1012
 486 1925  487 1944
1301  110 1307   96
 351  432  363  440
 241 1887  246 1902
1781 1161 1796 1166
1426  846 1432  860
 772 1583  773 1564
 637 1218  647 1208
 261    6  277   10
 550 1727  570 1727
1689 1039 1703 1033
1348  386 1352  370
  50  265   64  271
 995  621 1007  613
 785 1681  799 1675
1786  437 1794  425
1167  498 1171  514
 725 1844  727 1826
 356 1097  362 1111
 699  252  700  233
 822  669  840  667
1007  613 1012  598
1990  313 1996  328
 884  776  889  760
1773 1148 1781 1161
1237  846 1252  852
 270 1464  283 1472
1953 1247 1972 1249
1448 1767 1465 1771
1432  860 1445  852
 577  951  584  965
1461  522 1474  530
  23  875   32  887
 617 1310  629 1319
 992 1989 1011 1991
 471 1008  487 1013
1646 1740 1656 1751
 682 1022  684 1003
1743 1105 1754 1095
1352  370 1355  352
1683  776 1685  795
1011 1360 1030 1358
1673  561 1678  577
1650  910 1665  916
  89  403  109  402
1685  795 1699  802
  44 1385   52 1372
1455 1259 1471 1254
1801 1226 1814 1234
1701 1925 1701 1904
 637  753  638  733
 455 1516  471 1521
 323  100  329   85
 697 1952  701 1969
1195 1527 1216 1527
 849 1052  866 1056
 964   14  984   15
 324  639  303  639
 315 1715  316 1695
1224  266 1237  257
 738 1467  740 1487
1881 1521 1883 1501
1065 1006 1079 1014
1284 1959 1304 1961
 448  918  438  906
1707  889 1707  911
 935  967  956  966
1874  628 1892  632
 471  372  489  368
 614 1021  616 1001
1110  229 1124  237
1042 1667 1064 1667
 183  179  205  179
 438  930  448  918
1131  878 1144  869
1031 1842 1042 1853
1587  556 1609  556
 801  249  809  235
1885 1266 1896 1277
 819   65  840   66
  43 1359   52 1372
1643 1363 1655 1353
 228 1351  231 1332
1524  788 1540  782
1303 1859 1311 1845
1341  487 1357  493
1963 1916 1965 1896
1850  930 1850  952
1339 1946 1346 1931
 390 1605  411 1606
 637  753  638  774
 433  766  450  761
 937  601  944  586
1636  752 1648  742
 574  932  577  951
1282   84 1292   96
1861 1924 1876 1917
1426  301 1428  281
 603 1281  625 1281
1410 1192 1431 1191
 176  517  185  503
1901  286 1910  300
 288  467  305  461
 290  404  300  417
1159  256 1164  274
 265 1777  287 1778
1585  944 1592  960
1115 1469 1130 1461
 405 1405  419 1414
1079 1750 1101 1751
1167  498 1188  496
  47 1835   55 1820
 322  862  335  852
  18 1478   29 1466
 300 1513  308 1498
 596 1016  614 1021
 146 1651  163 1657
1498 1002 1498 1025
 727  493  745  488
1530   75 1534   56
 274  120  278  101
 893 1544  895 1523
1093 1468 1115 1469
 106 1382  115 1368
 924  955  935  967
1311 1845 1316 1827
1245  140 1259  149
 438  930  446  945
1817   35 1835   30
 905 1911  924 1915
1140 1362 1162 1363
1114  755 1135  757
1498 1025 1517 1029
1643 1761 1656 1751
1950 1581 1966 1574
1253  244 1264  232
1800  694 1817  688
1889  857 1902  867
 519 1758  521 1779
 750 1516  754 1497
 257 1454  270 1464
1724  200 1735  188
 171 1864  174 1885
 382  163  399  170
1262 1506 1271 1491
 367  300  377  286
1946  162 1967  165
 774 1928  794 1932
 958  802  960  824
1615 1910 1633 1904
 786   95  802   87
 740 1487  754 1497
1896  140 1918  142
1126 1795 1139 1806
1827 1483 1833 1465
 920  286  934  276
 348  411  351  432
1770  569 1789  564
 483   60  498   69
1162 1363 1165 1342
1056 1714 1068 1702
 935  768  950  777
1284 1959 1288 1979
1853 1492 1867 1482
1502  519 1510  535
 944 1974  949 1993
  92 1837  110 1843
1310  651 1310  675
1319 1242 1323 1222
 456  621  475  616
 626 1395  626 1419
1230 1616 1245 1607
 539  964  551  976
1493  171 1506  160
  41 1436   53 1424
1325  385 1348  386
1543 1341 1551 1357
 384 1044  396 1056
 198  692  202  712
 142  207  160  213
1870 1809 1893 1810
1500  700 1502  722
 157  522  176  517
1437 1571 1438 1595
 205  179  206  203
 329   85  331   62
 619 1153  627 1136
1577 1627 1600 1625
 831 1599  855 1598
1600 1625 1606 1606
1387 1265 1399 1252
1587  556 1587  581
 828 1133  841 1145
  97 1924  112 1914
 822  982  840  989
1446   51 1425   47
 825  751  840  741
 919 1824  943 1825
 277 1182  289 1195
1302  692 1310  675
 513  745  530  737
1732 1785 1737 1765
 387  878  412  878
1792 1437 1803 1451
 226  642  248  639
1851  593 1871  588
1728 1379 1728 1404
1182  738 1193  752
 541  359  552  373
1446  923 1463  915
1007 1568 1010 1590
1673  561 1695  564
 864  280  874  265
1205  506 1213  489
1942 1233 1953 1247
 765  332  769  353
 759 1152  762 1130
1131 1677 1141 1692
1512 1837 1521 1821
 810 1393  815 1373
 911  320  934  318
  83  188   98  178
1551 1357 1574 1360
1308  185 1328  179
1425   47 1425   73
 761 1288  779 1296
 390 1513  394 1535
1144  956 1163  949
 670  769  682  783
 319 1570  343 1568
 709 1571  712 1548
 138 1465  146 1483
 949  985  956  966
1744  641 1762  633
 578 1024  579 1049
1907 1207 1914 1188
 578 1024  596 1016
1812   56 1817   35
1954  930 1969  919
1298   23 1312   11
1270  510 1289  517
1113 1685 1131 1677
 882  741  889  760
 303 1061  307 1083
 582  863  585  840
 561  309  577  319
1740  900 1755  889
 324  918  336  904
  14  858   23  875
1403 1585 1411 1603
1089  846 1102  859
1288 1775 1306 1783
1326 1091 1349 1088
 939 1040  941 1016
1045  537 1050  559
1387 1265 1404 1275
 276  993  294  984
 444  885  438  906
1062  402 1065  426
 248 1436  257 1454
 458 1606  478 1613
1271 1491 1294 1495
 610  925  633  921
1720 1182 1720 1209
 119  499  130  483
1737 1765 1740 1741
 312 1848  322 1831
1694 1945 1701 1925
 442 1640  468 1639
 141 1673  146 1651
1896  140 1896  167
 471  209  487  198
1650  557 1673  561
1337  741 1340  765
 973  685  992  677
1952  905 1954  930
 699  252  722  248
 182  952  192  969
 127  459  130  483
1721 1128 1731 1111
1960 1131 1983 1135
 920  151  942  146
1642  172 1655  186
 565  278  581  289
1188  496 1205  506
 639 1544  645 1565
 398 1257  403 1279
1761  235 1775  222
1320 1539 1326 1560
 697 1952  704 1932
1182  711 1182  738
 507 1233  529 1238
 983  545 1010  545
1262  333 1275  318
 256 1278  277 1271
1816 1903 1841 1900
1187   96 1200   81
  18 1478   23 1501
1392  407 1394  433
1034 1459 1045 1476
1156 1111 1163 1132
1466 1754 1477 1737
 747 1983  748 1956
1224 1137 1251 1138
1416  189 1428  205
1205 1619 1230 1616
1695  511 1705  493
1677 1781 1679 1807
 513 1145  518 1168
 978  477 1000  483
1138 1247 1147 1266
1969  919 1988  928
1058  305 1081  310
1308 1444 1321 1459
1454 1617 1463 1598
1595  584 1601  606
1171  514 1177  536
1339  725 1361  719
   0    0   15   13
 870 1495  876 1473
 131 1183  149 1173
1551 1230 1561 1248
1511 1574 1530 1583
 452 1584  458 1606
1461  522 1462  549
 117  746  132  733
1626 1151 1652 1153
1585 1352 1597 1336
 861  516  889  516
1438 1595 1463 1598
 110 1105  132 1099
1760   77 1780   85
1237  257 1253  244
 762  375  769  353
1163  949 1178  935
1307  213 1328  221
1110   77 1115  101
 515 1370  543 1371
 581 1688  603 1695
 347  719  347  748
1316 1603 1339 1597
 882  320  911  320
 234  278  238  253
 274  120  291  132
 287  433  300  417
1937 1565 1950 1581
1233 1302 1260 1300
1019  525 1010  545
 612 1222  637 1218
1124 1062 1140 1049
 884  776  909  780
1307  213 1308  185
1136 1756 1146 1737
 956  966  977  958
1249  826 1252  852
 167 1931  193 1934
1308 1624 1316 1603
 671  324  696  320
1348 1930 1369 1938
1122 1260 1138 1247
 248 1365  255 1387
 382  163  385  189
 800 1007  816  994
1343  147 1360  135
1246 1354 1255 1334
 864  345  877  361
 616  972  616 1001
1011 1991 1032 1983
1609 1906 1611 1879
 283  464  284  436
1725  785 1743  774
1609  556 1635  553
1474  530 1494  521
 129  521  157  522
 990 1227 1004 1212
 790  844  805  858
1146 1737 1161 1722
 736  655  757  646
1794   82 1803  103
 733  837  743  857
1407 1871 1433 1875
1319  875 1330  894
1306 1783 1325 1794
1369  946 1387  958
1606 1606 1621 1591
1810  510 1821  529
 351  432  353  460
  74  388   89  403
 268 1250  277 1271
1082 1340 1103 1349
1227  912 1247  922
1102  859 1107  834
 175  233  197  225
1367 1400 1384 1413
1389  827 1394  802
1064 1895 1065 1924
1962 1045 1971 1024
 585  840  613  838
1636 1530 1660 1536
 119  999  143 1005
 860  249  874  265
 277 1520  300 1513
1923 1247 1953 1247
 773 1306  797 1312
1196 1856 1210 1872
1041 1302 1061 1292
1139  931 1144  956
 452 1584  472 1574
1850 1819 1870 1809
 352  801  377  796
 867  572  883  586
1278 1914 1300 1906
 102  243  126  249
 757  646  775  658
 600  187  629  188
 887  839  896  818
  46  291   50  265
 307 1083  332 1078
 177  772  182  797
  17  391   31  407
  86   82  113   85
 156 1080  162 1104
 802   87  803  117
 650  758  670  769
1439 1701 1460 1711
1665  916 1671  891
1683 1098 1684 1128
 840   66  868   63
1105   38 1134   40
1588 1242 1589 1272
 368 1215  372 1188
 956  549  983  545
1410 1759 1440 1758
 822 1061  842 1050
 197  225  206  203
  32  692   63  692
1177 1427 1201 1434
1003  257 1025  266
 897   50  907   71
1834  479 1849  495
1183 1549 1193 1528
 944  586  966  595
1439 1670 1439 1701
1170 1243 1190 1232
 805  858  833  855
 193 1031  209 1046
 302  553  323  543
 603 1695  604 1665
 989 1406  994 1380
1173  326 1179  351
1671  119 1674   91
1882 1379 1883 1409
1500  700 1508  677
 834  428  858  435
1032 1983 1055 1975
1065 1924 1092 1928
1340  765 1342  794
1369 1938 1393 1931
1619  771 1640  781
 342  780  352  801
 664   65  686   74
 236  667  246  688
1249 1782 1255 1807
1120 1564 1124 1591
1440 1758 1447 1734
 581 1799  596 1783
1842 1108 1850 1131
 167  366  179  346
 911  288  911  320
 445  203  471  209
 294  984  313  971
1193  752 1208  769
1971 1440 1986 1457
 820  823  841  812
  76 1348   77 1317
1349 1088 1352 1059
 119  499  129  521
1218 1358 1246 1354
1309 1578 1330 1567
1813 1721 1817 1693
 713  553  715  523
1309 1578 1316 1603
1450 1922 1481 1923
 797 1312  799 1342
1695  511 1698  540
  86   82   90   54
 466 1414  482 1398
1422 1958 1443 1969
1570 1389 1576 1363
1789  564 1800  543
1271  410 1299  414
 621  576  644  567
 105 1889  112 1914
1642  172 1650  148
1313  770 1340  765
 226  642  233  667
 649 1177  671 1167
  99  482  130  483
 784  651  793  628
   9 1714   34 1707
 969 1790  987 1776
 929 1349  952 1358
1341  950 1369  946
 178 1014  193 1031
 639   72  664   65
1236 1857 1257 1845
 950  777  958  802
 139 1034  143 1005
 650  336  671  324
1636  752 1640  781
1155 1985 1186 1983
1373 1588 1403 1585
  15 1842   19 1813
1561 1248 1588 1242
1739 1300 1739 1333
 399  170  427  165
 647 1208  649 1177
1376 1674 1406 1671
 188  599  193  571
1288 1540 1320 1539
 248  639  263  657
1131 1673 1157 1666
 163 1657  185 1668
 568  236  577  212
1196  261 1224  266
1842 1108 1875 1108
  84 1393  106 1382
1228 1895 1233 1923
1271 1939 1284 1959
1971 1440 1978 1414
1403 1585 1423 1572
1941 1397 1945 1368
 211 1478  243 1477
1138 1331 1140 1362
1068 1702 1085 1718
1598 1156 1626 1151
1966 1574 1992 1581
 225 1870  241 1887
 815 1373  817 1342
1187   96 1206  110
1412  578 1419  552
1428  267 1452  258
1425 1126 1435 1103
1136 1756 1166 1753
 750 1516  780 1520
1719  949 1729  925
1465  949 1481  931
1034   23 1036   55
1463  915 1481  931
 204  473  216  495
1867 1482 1872 1453
 577  319  581  289
 840   66  849   91
1322 1372 1347 1381
1402 1149 1428 1141
1394  433 1423  438
 975 1035  994 1020
 949  985  956 1012
1566  744 1596  748
 231  957  234  926
1387 1416 1400 1395
 228 1351  248 1365
  49  298   78  303
1917  427 1921  457
 407 1733  431 1743
1115  941 1139  931
1147  532 1177  536
1526   30 1534   56
  21 1806   22 1773
 407 1967  417 1991
 145 1896  166 1883
 644  567  651  540
 140  405  165  414
 291  132  309  116
 950 1860  955 1889
 291  132  305  152
1222 1775 1249 1782
1406 1671 1439 1670
 328 1110  354 1118
1333   78 1346   57
 145 1682  171 1690
1064  177 1098  177
 537  328  549  350
 120 1643  146 1651
1628  240 1650  228
 518 1168  550 1170
1030 1772 1059 1777
 844  360  877  361
 452  455  464  433
1709  767 1725  785
1849  495 1855  523
 109  402  140  405
1110 1955 1136 1947
 500  683  527  676
 905  913  939  913
 335  371  364  366
 262 1540  277 1520
 132 1099  162 1104
 950 1540  962 1517
1571 1456 1594 1444
 878  545  889  521
 255 1387  272 1405
1695  934 1707  911
 589   41  620   37
 547 1800  581 1799
 748 1109  762 1130
  79  429   79  464
 675 1939  697 1952
1135  757 1166  761
 813   94  819   65
1597 1336 1629 1339
1827 1483 1853 1492
 160  213  175  233
1186 1983 1219 1981
1049  593 1050  559
 668 1971  701 1969
1427 1910 1450 1922
1755  889 1779  878
 825  571  828  603
1822 1198 1848 1189
 633  921  640  949
1800  543 1821  529
 377  796  393  815
1683  776 1709  767
1963 1916 1981 1933
1101  344 1106  374
1726 1278 1739 1300
 794 1932  825 1936
 579  335  592  357
 824 1843  836 1820
 429  467  452  455
 498   69  516   52
1729 1713 1740 1737
1867 1482 1883 1501
  20  431   31  407
1251 1138 1271 1123
 461  948  477  967
 743  857  768  867
 484  981  487 1013
1481  743 1492  718
 537  328  568  333
 234  926  265  931
1025 1432 1034 1459
 796 1600  831 1599
1530  479 1556  469
 378  851  387  878
1129  514 1147  532
 241 1887  265 1875
 568  885  582  863
 674  977  707  974
1633 1904 1652 1887
1566 1543 1572 1573
 405 1405  411 1375
1634  308 1653  291
1672  921 1695  934
1811 1103 1842 1108
 995  621 1003  649
 977  958  989  982
1871  588 1887  568
 310 1355  322 1379
1343 1659 1347 1627
1107 1763 1136 1756
1138 1247 1170 1243
 468 1639  478 1613
 328 1110  332 1078
1729  925 1740  900
  79  429   89  403
1154  225 1159  256
1166  761 1193  752
1720 1182 1747 1191
 674  977  684 1003
1447 1734 1460 1711
 682 1022  693 1047
1108 1228 1113 1259
1568 1173 1570 1207
1325 1794 1329 1826
1452  258 1474  244
1330  894 1353  881
1821  529 1835  551
 503 1280  516 1303
1707  911 1729  925
 284  185  306  171
1564  968 1592  960
  54 1205   81 1196
1140 1049 1171 1054
1963  411 1994  417
1426  301 1459  305
1684 1128 1721 1128
1508  677 1538  670
1751  996 1787  995
1777 1871 1800 1885
1116  266 1124  237
 989  234 1003  257
1714 1619 1722 1648
 368 1620  390 1605
 617 1310  625 1281
 301 1673  316 1695
1543 1341 1560 1321
1548 1798 1573 1786
1860  362 1882  377
 697  745  708  719
 342  780  347  748
 188  599  225  599
 921  994  949  985
 581  289  611  296
 479 1712  515 1711
1704 1870 1701 1904
 994 1380 1011 1360
1516 1359 1551 1357
 682  783  690  812
 466 1831  471 1799
1743  774 1754  748
1716  232 1752  231
 527  989  551  976
 514  591  520  622
1325 1757 1325 1794
1655  453 1664  481
 243 1477  257 1454
 360 1776  378 1795
1812  951 1820  980
  32  887   55  901
1751  454 1782  447
  79  464   99  482
 909  780  935  768
 471  372  472  335
1233 1923 1271 1923
1157  635 1162  668
 790  568  825  571
 449 1275  471 1291
 496  810  504  780
1970 1990 1999 1999
 904  493  889  516
 396 1056  415 1037
1019  525 1045  537
1214 1708 1252 1708
 903  974  921  994
1866  175 1896  167
 138 1465  175 1464
1655 1353 1681 1365
1339 1597 1347 1627
 687  291  696  320
1780 1198 1781 1161
1629 1339 1643 1363
1031  422 1065  426
 444 1398  466 1414
 810  491  829  472
1079 1750 1085 1718
1126 1719 1146 1737
1593  863 1612  844
1681 1327 1681 1365
 276  565  302  553
 779  265  801  249
 256 1165  277 1182
 535  231  568  236
1476 1835 1512 1837
   0  698   32  692
1246 1354 1266 1372
 486 1179  519 1174
 796 1600  801 1633
1779  878 1784  911
   4 1869   15 1842
1115  941 1115  979
1611 1879 1622 1852
1433 1875 1459 1887
 928 1900  955 1889
 703  398  716  373
 145 1896  153 1926
1481 1565 1519 1565
1565  873 1593  863
 835  542  869  546
 306  171  339  165
1135  757 1137  720
1554  430 1555  392
1702 1509 1734 1516
 412  878  444  885
1653  291 1674  273
 873 1952  891 1973
 527 1821  556 1831
 616  972  636  953
1812  951 1850  952
  15 1842   47 1835
 940  526  956  549
 584  965  616  972
1391 1739 1410 1759
1074 1657 1095 1639
1858  628 1865  660
1729 1713 1751 1696
 671 1167  677 1134
1692  193 1724  200
 183  179  194  151
1512 1837 1529 1859
 446 1855  450 1890
1894  705 1918  690
1201 1434 1205 1399
 450 1890  482 1883
1012  598 1016  563
   9 1999   39 1990
1148  450 1179  458
1064 1667 1068 1702
1347 1381 1367 1400
1492 1452 1514 1435
 185  503  216  495
1507 1300 1524 1278
1960 1952 1963 1916
1179 1606 1205 1619
 488 1078  520 1085
1202 1794 1222 1775
 855 1559  855 1598
1200  800 1208  769
 825  571  835  542
 339  165  345  132
 915 1478  943 1489
 761  381  798  383
 992  677 1003  649
 414 1259  426 1232
 380   14  410   23
 655 1046  693 1047
1563 1109 1583 1090
 741 1111  743 1074
1102  859 1140  858
1565  873 1574  842
 547 1800  556 1831
1325 1794 1352 1781
1624 1502 1636 1530
 472  671  500  683
 185 1668  219 1674
1018  920 1035  897
1703 1033 1715 1005
  80  717   81  756
  55 1820   86 1829
1572 1573 1577 1608
1994  417 1997  454
1925 1320 1956 1329
1716  232 1724  200
1821  529 1855  523
 262 1540  288 1554
1255 1807 1257 1845
1747 1191 1780 1198
 177  916  177  956
 891 1973  914 1956
 649  289  687  291
 110  832  130  812
  29 1128   54 1143
1621 1186 1626 1151
1389  767 1394  802
1433 1239 1472 1240
 516   12  516   52
 828  603  858  613
1136  797 1153  820
 638 1707  673 1702
 112 1451  138 1465
1682   93 1696   67
 707  974  739  982
 661 1562  697 1566
1537 1164 1568 1173
1781 1206 1801 1226
1006  804 1018  776
 976 1933 1001 1918
 234 1514  255 1533
 906  179  911  214
1988  928 1990  890
1299  414 1314  389
1323 1222 1357 1215
1592  235 1628  240
1135  757 1136  797
1907 1554 1937 1565
 350 1512  390 1513
 747 1942  774 1928
 406 1688  428 1669
1551  718 1566  744
1067  716 1079  745
 489  284  503  257
1847  556 1851  593
1636 1956 1654 1979
1997 1960 1999 1999
 419 1414  444 1398
 943 1489  958 1463
 939 1040  975 1035
1053 1387 1083 1398
 732 1916  747 1942
1081  310 1115  317
 581 1799  608 1813
1171 1054 1199 1067
1171 1054 1187 1029
 772 1583  796 1600
1210 1872 1228 1895
1853 1596 1854 1636
1554  430 1556  469
1196 1856 1236 1857
1427 1910 1433 1875
1455   47 1479   30
1699  342 1720  322
1101  344 1115  317
1029 1370 1053 1387
 905  253  911  288
1564  968 1564 1009
1286 1628 1299 1657
 226 1119  256 1107
1850 1819 1855 1856
1018 1813 1031 1842
 259 1628  276 1653
 517 1895  542 1912
  90 1083  110 1105
 453  883  456  844
1851  593 1858  628
 943 1825  950 1860
  75 1996  111 1990
1271  410 1277  446
 840  741  882  741
  94  717  112  741
  39 1990   75 1996
 143  550  157  522
1937 1999 1970 1990
1734 1516 1747 1487
 906  179  920  151
 906  401  931  418
 861 1019  866 1056
1751  996 1764 1025
1065 1778 1079 1750
 678  576  701  557
 868   63  897   50
 908 1540  950 1540
1254  484 1270  510
 489  284  498  317
1068 1425 1083 1398
 211 1092  226 1119
 561 1882  590 1895
1482  491 1494  521
  63  692   80  717
1484 1486 1492 1452
1106  587 1112  551
  29 1466   41 1436
1179  458 1194  431
1842 1108 1849 1073
1954   82 1962  116
 318  240  321  279
1551 1230 1570 1207
1834  479 1872  475
1124  237 1154  225
1126 1719 1141 1692
1780 1198 1822 1198
 407 1894  446 1897
1159  256 1196  261
 959  336  982  317
 715  523  727  493
  78  303   96  327
1981 1933 1997 1960
 233 1185  256 1165
 260 1837  265 1875
 798 1146  828 1133
1698  540 1727  526
1249 1782 1280 1770
1920 1126 1954 1117
 219 1674  248 1688
1870 1213 1907 1207
 452   72  483   60
 934  318  959  336
1244  962 1247  922
 617 1166  649 1177
1530   75 1538  110
 464  433  499  441
  36 1351   76 1348
 644  567  678  576
1671  682 1697  699
 165  414  178  444
 410  510  435  528
 864  345  882  320
1092  121 1115  101
1656 1406 1686 1419
 874  265  905  253
 196  346  220  365
1809 1058 1818 1092
1136 1448 1139 1408
1247 1061 1282 1069
 471 1291  503 1280
 105 1889  116 1857
 177  916  201  897
 713  553  743  566
1692 1252 1723 1264
 122 1066  132 1099
 633  362  650  336
1339 1597 1373 1588
 336  852  378  851
1623  848 1659  855
 960  824  982  845
1463  184 1493  171
1155 1625 1179 1606
1155 1625 1157 1666
1817  688 1835  713
 428 1669  442 1640
 704 1932  732 1916
1105   38 1110   77
 472  335  498  317
 881   22  897   50
 205  179  239  169
1803 1451 1833 1465
1792 1268 1824 1280
 680 1593  697 1566
 323  543  366  544
 696 1665  722 1683
 799 1675  801 1633
 529 1238  551 1216
 551  976  584  965
 876 1473  915 1478
 546 1210  550 1170
 504  780  513  745
 761 1377  776 1406
1596  748 1636  752
1339 1894 1346 1931
1794   82 1812   56
 225  599  226  642
 157  324  179  346
1187 1029 1214 1012
 516   52  548   64
1593  359 1628  368
1462  105 1482  129
1101 1920 1110 1955
1058 1649 1065 1612
 818  251  860  249
 143 1005  178 1014
1396 1111 1425 1126
1655  186 1692  193
1800  694 1808  730
 106 1382  138 1394
 733  252  761  268
1269 1038 1282 1069
 446 1855  466 1831
 607 1532  639 1544
1165 1843 1196 1856
 788 1804  828 1808
 942  146  983  143
 265  931  271  893
 711  630  727  658
 931  418  934  377
 858  613  891  624
 471 1521  492 1498
1482  359 1511  374
1222 1775 1237 1746
1841 1900 1861 1924
 315 1715  353 1721
 112  324  157  324
 308 1498  350 1501
 820  823  833  855
 356 1027  384 1044
 467 1534  472 1574
 276 1653  301 1673
 596 1783  618 1760
 611  296  649  289
 768  733  812  732
 615  420  616  464
 596  736  638  733
1720  322 1726  283
 772  227  779  265
 905  253  911  214
 724 1745  749 1765
1194 1483 1195 1527
1723  241 1726  283
1387  958 1397  923
 374 1675  406 1688
 759 1152  798 1146
1639 1812 1679 1807
 565  278  568  236
 259 1628  270 1594
 662  140  679  112
 339  165  382  163
 360 1776  404 1775
 966  799 1006  804
 130  609  156  628
 679  112  686   74
 130  609  131  653
1715 1005 1751  996
 404 1775  407 1733
 768  867  790  844
1616 1397 1656 1402
1931 1432 1941 1397
1079  745 1114  755
1740  446 1748  409
 704  164  731  146
1514  823 1524  788
 206 1642  219 1674
 175 1464  201 1484
 514  256  535  231
 983  892 1007  914
1453  474 1482  491
1429  205 1468  198
 634  665  650  695
 406 1688  407 1733
  43  748   81  756
 415  738  433  766
1848 1189 1870 1213
 482 1883  486 1925
1419  552 1462  549
1244  962 1285  957
1142  191 1154  225
1213  489 1254  484
 503 1843  527 1821
1872  475 1878  435
 122  365  167  366
 122  365  138  395
1977   25 1998    0
 322  862  332  898
 263  657  297  645
1669  614 1678  577
1940  715 1968  697
 776    5  821    4
1115 1308 1138 1331
1963 1732 1969 1692
 124 1720  158 1732
 234 1514  243 1477
1242  658 1263  632
1918  690 1940  715
 557 1583  603 1584
 987 1776 1030 1772
 152  894  177  916
 943 1489  962 1517
1179  458 1188  496
 188 1401  210 1426
1824 1280 1850 1301
 271  523  276  565
1568 1173 1598 1156
1139 1408 1140 1362
 537  620  571  607
 288 1554  319 1570
 263  739  306  735
1479   30 1526   30
 126 1141  131 1183
 682  783  721  775
1328  179 1343  147
1878  435 1917  427
1399 1252 1433 1239
 411 1606  458 1606
1918  142 1947  160
 260 1837  303 1841
 105 1889  145 1896
1115  317 1118  273
1478 1389 1508 1372
 833  855  859  876
 521 1779  547 1800
1538  110 1578  117
1650  228 1655  186
1280  889 1314  876
 111 1990  135 1967
 603 1695  638 1707
 774  277  790  308
 482 1883  517 1895
1184   14 1230   13
 949 1993  992 1989
1963 1732 1987 1755
  34 1707   68 1694
 790  308  824  295
 776 1406  810 1393
1216 1527 1258 1521
1701  636 1744  641
1802 1506 1827 1483
  44 1385   84 1393
1109  542 1129  514
 590 1895  607 1864
 982  845  983  892
 745  488  769  464
1442  632 1478  644
1917  427 1924  386
1045 1476 1087 1470
 126 1141  132 1099
 613  838  653  846
1931 1432 1971 1440
 210 1426  248 1436
1025  266 1028  221
1343 1659 1376 1674
  31  264   38  223
 577  212  600  187
 472 1138  513 1145
 113  181  135  207
1669  966 1672  921
  44 1385   53 1424
1120 1564 1167 1565
 998 1663 1042 1667
1060  351 1101  344
1659  855 1671  891
1895 1149 1920 1126
1364 1718 1391 1739
 790  308  812  334
 690  812  693  857
1534 1759 1547 1724
 716  373  762  375
 209 1046  211 1092
1442  632 1452  594
1079  745 1080  792
 914 1956  944 1974
1274  228 1307  213
1271 1677 1299 1657
 620   37  634   71
1064 1232 1108 1228
1767  515 1810  510
1640  781 1683  776
1787  995 1820  980
 219  317  220  365
1128 1508 1130 1461
  64  829  110  832
1258 1521 1288 1540
 743  566  790  568
 607 1815  607 1864
 542 1912  561 1882
1521 1088 1523 1041
1820  980 1840 1009
 305  461  353  460
1794  425 1837  419
 944  586  956  549
 105  561  143  550
 271  609  276  565
1126 1795 1136 1756
1068   96 1092  121
 765  332  790  308
 495 1331  516 1303
 829  472  834  428
1230   13 1247   45
  68 1277   77 1317
 876  933  905  913
 530 1660  553 1634
1643 1107 1683 1098
 973  685  981  726
 553  771  573  800
1814 1234 1849 1248
1608 1729 1646 1740
   1  628    9  587
 122 1066  139 1034
 982   62  984   15
1397  923 1446  923
 350 1501  372 1474
1025 1432 1067 1440
1945 1368 1956 1329
1103 1349 1140 1362
1161  321 1164  274
1650  148 1671  119
 417  106  425  148
 571  607  608  620
1482  491 1497  456
 825   53  832   10
1431 1191 1433 1239
1003  491 1019  525
 936 1773  969 1790
 693  857  743  857
1892 1160 1914 1188
1623 1998 1654 1979
 805  858  815  898
1252 1708 1271 1677
1437 1571 1481 1565
 271  609  303  627
1989  372 1994  417
 403 1279  449 1275
 498   69  500  117
1434 1803 1448 1767
 425  148  451  124
1442 1144 1446 1190
1521 1821 1548 1798
1655 1353 1656 1402
 581 1688  570 1727
1241 1657 1271 1677
1667 1209 1692 1234
1622 1852 1627 1807
1927  771 1931  725
1136 1947 1151 1982
1361 1289 1387 1265
1311  829 1314  876
 220 1252  268 1250
 638  733  650  695
 699 1496  740 1487
1304 1961 1339 1946
 849 1052  850 1101
1205 1280 1233 1302
 896  818  909  780
1539  559 1587  556
1540  782 1566  757
 378  851  393  815
1989  372 1996  328
 773 1564  780 1520
 914 1956  924 1915
1517 1195 1537 1164
1882  377 1924  386
1361 1289 1377 1324
 548   64  565   98
1727  526 1767  515
 499 1233  503 1280
 484  981  527  989
1379  279 1428  281
1889  974 1905 1009
1643 1764 1677 1781
 475  616  520  622
 687  291  699  252
 653  846  693  857
1140  858 1153  820
 515 1711  519 1758
 126  249  135  207
1390 1796 1434 1803
1934 1068 1962 1045
1113 1259 1115 1308
1792 1268 1801 1226
 515 1711  550 1727
 670  769  697  745
1003  649 1043  660
 934 1055  941 1099
 201  897  222  867
 246 1902  275 1924
 192  969  231  957
1340  765 1389  767
1282 1766 1293 1726
1248  370 1262  333
 840  989  861 1019
 731  302  733  252
1468  198 1474  244
1230 1616 1241 1657
 436 1154  472 1138
 453 1105  472 1138
 573  800  585  840
  24 1269   68 1277
1752 1682 1789 1667
1506 1139 1511 1092
 227  323  234  278
1482  491 1532  493
  14  315   49  298
 576  484  596  516
1942 1667 1969 1692
 754 1071  778 1043
 198  692  246  688
 135 1967  177 1977
1530 1583 1572 1573
1367 1498 1414 1493
1955 1791 1982 1816
 590 1895  603 1934
 198 1598  206 1642
 244  420  280  436
1165 1342 1216 1344
1692 1234 1720 1209
1237 1746 1252 1708
1482  129 1493  171
1829 1567 1853 1596
1042 1093 1088 1100
 889  521  929  534
1534   56 1579   48
1134   40 1161   66
 568  885  574  932
1474  244 1509  226
1801  909 1812  951
1701  636 1723  605
 335  371  348  411
 618 1235  625 1281
1954  930 1962  975
1510  535 1539  559
1664  481 1705  493
1534 1759 1548 1798
 855 1559  893 1544
1060  351 1062  402
 841 1145  850 1101
1186 1983 1188 1932
 378 1795  390 1836
1422 1958 1427 1910
 431 1310  449 1275
 780 1520  821 1532
1800  694 1805  646
 982  845 1027  837
1502  722 1551  718
1018 1813 1030 1772
 451  124  452   72
1842  146 1866  175
1387  958 1413  986
1161   66 1200   81
 672 1809  692 1775
1188 1932 1233 1923
1277  788 1313  770
1789 1667 1817 1693
 976 1933  992 1971
 567  414  615  420
1669  614 1701  636
  20  431   32  473
1205 1399 1218 1358
1199 1067 1247 1061
1849 1248 1885 1266
 369 1997  417 1991
 197  838  222  867
 380   14  380   68
1962  116 1967  165
 177 1977  219 1989
 306  735  347  748
1477  654 1508  677
1872 1453 1883 1409
1720 1182 1721 1128
 553 1634  557 1583
 452  455  465  497
1393 1931 1427 1910
 248 1436  272 1405
  14  153   57  141
 496  810  534  827
 794 1932  795 1878
1737  365 1748  409
 158 1732  171 1690
1643 1107 1652 1153
 331   62  380   68
1405 1033 1413  986
 104 1755  124 1720
1452  594 1462  549
 651  227  700  233
1633 1904 1636 1956
 197  225  237  240
1792 1437 1816 1406
1569  390 1593  359
1252 1444 1308 1444
 167 1931  177 1977
 816 1472  846 1446
 603 1584  607 1532
 784  651  822  669
  61 1904   97 1924
1907 1207 1923 1247
1389  827 1426  846
  32  473   79  464
 427  165  445  203
 182  797  197  838
1937 1565 1939 1511
1506 1139 1537 1164
1218  774 1247  747
 552  373  567  414
1194 1483 1201 1434
1367 1498 1384 1537
 604  508  616  464
 706 1367  755 1374
1266 1372 1322 1372
1762  633 1805  646
 527  676  567  693
 138 1394  188 1401
1020  164 1064  177
1728 1379 1739 1333
 846 1446  876 1473
1299  695 1327  724
1583 1090 1596 1046
 571  159  600  187
 448  918  502  915
1686 1419 1728 1404
1837  419 1878  435
 608  620  621  576
1566  266 1592  235
  55 1061   90 1083
1923 1616 1941 1655
  63  635   63  692
 530  737  553  771
 924  955  939  913
 678 1338  706 1367
 270 1594  288 1554
 724 1573  772 1583
   9 1999   18 1950
 422  343  472  335
 256 1107  256 1165
1678 1045 1683 1098
 984   15 1034   23
 472  671  475  616
1841 1900 1855 1856
 135  604  188  599
1693 1677 1722 1648
1343 1171 1357 1215
1106  693 1137  720
 487 1944  521 1968
1962  975 1971 1024
 199 1161  233 1185
 983  143 1020  164
   8 1193   54 1205
1098  177 1142  191
 828 1808  868 1790
1477  306 1482  359
1289  517 1321  491
 994 1020 1003 1070
 936 1773  943 1825
 788 1803  797 1753
 934  318  934  377
1429  439 1453  474
  49 1151   54 1205
 450  264  489  284
 268 1250  284 1207
1046 1191 1064 1232
 578 1107  579 1049
1343 1171 1377 1146
1881 1521 1907 1554
1527  286 1566  266
 178 1014  192  969
 262 1970  275 1924
1254  752 1277  788
1597 1681 1600 1625
 495 1331  515 1370
1206  110 1239  136
1886 1664 1942 1667
1677 1781 1732 1785
 758  825  779  787
1597 1681 1608 1729
 106  953  119  999
1404  111 1425   73
 820 1990  825 1936
1212  533 1214  591
 749 1765  797 1753
1720  322 1737  365
1282 1069 1288 1123
 134 1286  171 1263
1854 1636 1886 1664
1005  356 1060  351
 171 1864  225 1870
 673 1702  696 1665
 946 1368  994 1380
 793  628  828  603
1956 1329 1986 1299
 171 1263  220 1252
1481  931 1489  879
1876 1917 1907 1888
1311  829 1341  799
1902  867 1938  843
 817  724  822  669
  14  938   49  913
1848 1189 1850 1131
 578 1500  607 1532
1131  878 1139  931
1254  484 1277  446
1201 1434 1252 1444
1872 1711 1886 1664
1624 1502 1643 1460
 435  528  465  497
 841  812  896  818
1554  430 1606  421
 239  169  284  185
1917 1747 1963 1732
1714 1459 1747 1487
1850  952 1889  974
 482 1398  515 1370
1972 1249 1998 1214
 722 1683  774 1674
1587  556 1595  502
1674  273 1726  283
 633  921  691  925
1470  299 1524  291
1092  121 1098  177
1923 1616 1950 1581
 659 1893  675 1939
 580 1121  627 1136
1373 1588 1384 1537
 290  801  352  801
 453 1105  488 1078
1572 1942 1604 1912
 692 1775  724 1745
 568    0  589   41
1935  454 1997  454
1003 1070 1042 1093
 353 1721  360 1776
 636  953  674  977
1200  800 1243  819
 135  604  143  550
1004 1212 1046 1191
 248 1688  276 1653
1061 1292 1064 1232
1696   67 1729   37
1285  957 1341  950
 671 1167  722 1179
1521 1088 1563 1109
1248  370 1271  410
 809  235  811  174
 947  264 1003  257
1514 1435 1562 1450
 366  544  368  605
  81 1196  131 1183
1540 1506 1566 1543
1162  668 1182  711
 382  451  429  467
1431   73 1462  105
 321  279  377  286
1769  825 1779  878
1049  593 1106  587
1972 1249 1986 1299
1988  509 1997  454
 548   64  589   41
1722 1648 1752 1682
1481  931 1528  914
1757  138 1760   77
 795 1878  824 1843
 793 1205  798 1146
 825 1936  873 1952
 728 1856  732 1916
 722 1683  724 1745
1507 1300 1509 1362
 722 1179  759 1152
 306  171  312  229
1775  222 1791  174
 313  971  324  918
 662 1456  687 1496
 113  181  114  117
1594 1444 1643 1460
 803  117  811  174
1348  386 1392  407
 550 1170  569 1124
1363   54 1389   15
  35 1016   55 1061
 260 1837  265 1777
 939  913  983  892
   1  628   53  641
1414 1493 1477 1496
1982 1816 1987 1755
1623  848 1635  794
1692  419 1748  409
1163 1132 1224 1137
1907 1888 1965 1896
1263  632 1310  651
1389   15 1425   45
 271  893  332  898
1547 1724 1608 1729
 256 1107  295 1080
 177  772  202  731
1660 1536 1700 1510
  68 1277  125 1286
 662  140  704  164
 995 1128 1003 1070
1282 1069 1326 1091
 445  203  450  264
1652 1887 1701 1904
1247  922 1280  889
1840  296 1892  281
1643 1460 1656 1406
1835  713 1894  705
 130  812  182  797
 521 1454  571 1437
1697  699 1701  636
1517 1029 1564 1009
1043  660 1082  632
1307  213 1313  275
 769  464  810  491
 464  433  471  372
 629 1319  678 1338
 368  605  376  666
1442 1144 1506 1139
1813 1721 1872 1711
1769  825 1818  845
1840  296 1857  244
1934 1068 1954 1117
1426  685 1442  632
  57  141   96  172
 356 1027  356 1097
1312   11 1314   79
 571 1437  578 1500
 571 1437  615 1411
 963 1726  969 1790
1757  138 1791  174
1737  365 1790  348
1260 1230 1260 1300
1714 1619 1749 1584
1349 1088 1396 1111
1818  845 1836  793
1082  632 1148  627
1079 1014 1115  979
 132  733  202  731
 950 1540 1019 1543
1627  654 1671  682
 368 1215  398 1257
 248 1365  310 1355
   9 1714   22 1773
1036   55 1068   96
 407 1894  407 1967
 322 1831  390 1836
1247   45 1298   23
 871 1299  912 1267
 450  761  504  780
 310 1355  341 1312
 143 1579  198 1598
 194  151  203   86
1704 1870 1777 1871
 171 1864  182 1800
1791  174 1866  175
1938  843 1952  905
   5  847   64  829
1857  244 1866  175
 625 1281  691 1268
1954   82 1977   25
 876 1473  893 1409
 797 1312  871 1299
 169   33  203   86
  60 1614   68 1694
  23 1501   75 1538
  33   20   90   54
1579   48 1633   11
 277   10  278  101
1694 1945 1766 1983
