1955
 268  464  268  465
1778  527 1780  527
1413  593 1413  595
1765 1908 1763 1908
 131 1341  132 1342
1653   13 1654   11
1094  202 1094  205
 799 1340  799 1343
 706  820  707  822
1660 1325 1662 1323
 928   23  930   25
1322  200 1325  201
1304 1655 1305 1658
1503  249 1504  252
1454 1588 1455 1585
 142 1937  147 1937
1082  939 1084  942
 658 1913  663 1913
1950 1336 1951 1332
 610 1775  611 1771
 414  817  415  821
1472 1759 1474 1756
 438  708  441  710
   9  650   10  654
1414  578 1418  577
1419 1230 1414 1230
1747 1389 1749 1392
1364 1201 1370 1201
 860 1278  860 1284
1587  910 1588  905
 701 1331  706 1330
 913  404  918  403
 607 1778  610 1775
1952 1771 1953 1776
 305 1378  299 1378
 986  464  992  464
1325  201 1331  201
 135  692  137  696
1413  573 1414  578
 806 1359  810 1357
 705 1682  709 1680
 270 1038  274 1040
1809 1161 1802 1161
1162  158 1166  161
 223  157  226  153
1698 1910 1704 1911
 903  206  906  202
1173  518 1174  512
1304  968 1307  964
1961  889 1955  888
 801  267  807  268
 860 1780  867 1780
1174  504 1174  512
1023 1211 1031 1211
 810 1357  814 1353
 285   58  292   59
 156  881  156  889
 655 1672  659 1676
 656  359  658  365
1854 1536 1858 1540
1318  527 1322  523
1987 1934 1991 1938
 421 1167  423 1161
 912 1603  917 1606
1484  425 1493  425
 150  116  156  113
 223  157  230  159
 120 1683  124 1688
 620 1530  624 1525
 122 1900  131 1900
 274 1040  281 1038
1148  991 1150  984
 244  649  246  642
 288 1060  291 1066
 221 1188  222 1180
 937  838  945  839
 796 1402  796 1411
1196  147 1199  141
 327  148  330  154
 962 1539  964 1532
1809 1161 1815 1158
  42 1137   47 1141
1952  348 1952  357
1109  285 1117  286
1483 1415 1492 1415
1781   20 1790   21
 237  646  244  649
 511 1424  520 1425
1099  599 1103  593
1468 1686 1477 1685
 506  292  507  301
 649 1914  658 1913
1107   45 1108   54
  75 1133   79 1127
 933 1758  940 1761
  85 1919   93 1921
 158 1067  161 1060
 289 1157  290 1166
1481  173 1489  175
1778 1810 1783 1805
 793  269  801  267
1372  498 1382  498
 594  616  595  607
 246 1002  249  995
 107   45  115   43
 909 1807  911 1799
 753 1107  754 1116
1226  860 1231  855
1931 1053 1939 1051
1813  307 1815  315
 392  761  397  767
1738 1926 1747 1928
 825 1441  830 1447
1055 1217 1062 1213
 501 1563  510 1561
1606 1789 1608 1798
 390 1319  398 1322
1916  754 1921  748
1858 1540 1866 1537
 642 1721  652 1722
1976  142 1985  144
 311  240  314  231
 454 1296  461 1301
 725  879  737  879
   9  650   10  639
1411 1805 1415 1797
1936 1236 1938 1246
1231  855 1241  853
1802 1041 1814 1041
1381 1038 1388 1043
 263 1117  266 1108
1133 1293 1137 1301
1763 1876 1764 1865
 494 1222  501 1217
 557 1072  558 1061
 527  920  532  913
 444 1415  449 1408
1901 1115 1902 1126
1084 1351 1096 1352
 659  904  667  909
 615 1634  619 1643
 506 1410  516 1407
1347 1128 1360 1128
1059  536 1070  534
1012 1435 1023 1437
1923  628 1929  635
 618  787  624  794
 630 1167  638 1172
1099 1038 1104 1030
1566 1630 1575 1634
1065 1487 1075 1490
1902 1126 1913 1124
 900 1811  909 1807
1625 1546 1626 1558
1232 1207 1232 1220
 123  591  124  603
 536 1276  541 1268
 917 1619  917 1606
 909 1231  914 1223
 664 1729  675 1726
1312 1580 1315 1591
1618   63 1622   73
 120  580  123  591
 407  792  414  799
1351 1310 1353 1298
1199  141 1209  145
 710 1214  719 1209
1752 1950 1753 1937
1961  889 1974  888
 248  803  254  795
1201 1507 1204 1496
1228  141 1236  135
 277 1459  290 1460
1660 1305 1667 1298
1374  652 1379  661
 498 1665  506 1671
1555 1840 1569 1840
 278 1364  278 1350
 877 1601  888 1598
 653 1518  666 1517
1096 1352 1096 1366
1093 1027 1104 1030
1273 1374 1274 1387
1444 1582 1455 1585
 888 1598  895 1606
1138 1328 1147 1334
1039  919 1050  923
  39   91   50   95
1198  188 1212  189
 149 1361  152 1373
 909 1807  915 1816
 215  581  218  593
1552 1238 1555 1226
 512 1224  523 1220
1132 1897 1140 1904
1077  929 1082  939
1913 1124 1927 1123
 202 1829  203 1843
 802 1227  808 1236
 706 1203  710 1214
 660 1589  674 1590
 856 1258  865 1264
 952 1231  963 1235
1045   23 1052   15
 271  821  275  832
  57 1238   68 1242
 659 1676  662 1664
 921 1144  923 1131
1738 1829 1742 1818
1240  867 1241  853
 437  955  449  952
 271 1814  278 1806
 528 1192  536 1199
 552 1493  563 1497
1747 1928 1753 1937
1886  903 1894  910
 393 1405  402 1411
1455 1585 1462 1577
1955  903 1955  888
1033  845 1038  835
 300 1841  307 1833
 120 1683  129 1677
 363  654  377  655
1694 1899 1698 1910
1233 1809 1247 1810
 363  654  364  668
1433  390 1434  376
1957 1655 1971 1656
 288 1374  299 1378
1948  426 1948  442
 719 1520  724 1509
1865  790 1872  799
1755  283 1758  270
 550  659  564  657
1622  674 1631  667
1408 1957 1418 1951
1665 1284 1667 1298
 402  681  408  671
 434 1706  442 1698
1030  124 1043  121
1132  423 1146  425
 653 1518  658 1529
1961  889 1963  875
 945  839  960  840
1186  957 1189  944
 842  640  857  641
 848 1065  863 1066
 527 1692  530 1705
1689  342 1703  340
1164  498 1174  504
1255  912 1261  902
1413  593 1414  578
 853 1771  860 1780
1670 1841 1676 1831
1946 1650 1957 1655
 307    0  313   10
 874 1275  884 1269
1894  910 1900  900
1991 1991 1999 1999
 398 1322  410 1318
1408  561 1413  573
 714  857  722  848
1452  540 1468  539
1203 1740 1203 1723
 174  727  180  738
 403  811  414  817
 860 1278  874 1275
1622 1621 1634 1616
 830 1447  836 1458
  77 1494   90 1490
 951  525  968  525
 147  873  156  881
 496 1205  501 1217
1102 1525 1104 1540
1927 1549 1932 1537
1019 1563 1028 1571
1785 1161 1802 1161
 521 1713  530 1705
 747 1690  758 1696
1620 1606 1622 1621
 169  149  175  138
1288  969 1304  968
 495 1679  498 1665
1975 1856 1978 1870
 212 1808  223 1802
 849  382  862  386
1074  650 1076  665
1551  343 1563  349
 920  225  929  216
1262  676 1274  670
1052  841 1065  836
 797  285  799  301
 764 1361  767 1376
 968  507  968  525
1926 1686 1927 1669
 154  747  169  750
1170 1024 1181 1031
 390 1460  394 1474
 414  799  414  817
 758 1696  771 1701
1754  255 1768  251
1305 1658 1305 1676
 295 1655  299 1669
 437 1492  450 1497
 920  540  934  536
1077  206 1094  205
1326 1133 1334 1143
 488  368  497  377
 976 1616  990 1612
1280 1088 1295 1091
1529  350 1533  336
1745 1876 1763 1876
 835 1060  848 1065
 138 1354  149 1361
 501 1217  512 1224
 998 1181  999 1164
 132 1342  138 1354
 499 1851  501 1867
1150  152 1162  158
 436 1599  444 1589
 860  848  877  847
1750  982 1751  965
 652 1722  664 1729
 561    7  567   20
1922 1165 1934 1158
  12  281   25  275
 140 1066  158 1067
 980  974  999  974
1548 1828 1555 1840
1814  604 1814  623
 860 1278  865 1264
1560  687 1561  705
 468 1549  486 1548
1241  853 1248  841
 506 1410  511 1424
 756 1287  774 1288
1014  121 1030  124
 686 1682  705 1682
1184 1723 1203 1723
 461 1301  469 1312
1315 1591 1322 1603
 679  666  685  653
1754  255 1758  270
 130  280  135  266
1274 1387 1282 1398
 423  920  441  919
  78  134   96  133
 764 1361  775 1353
1351 1878 1357 1865
 794  352  799  366
1547  359 1551  343
1948  426 1952  410
 790  100  795  115
1046 1774 1051 1759
 223 1802  224 1783
1660 1305 1662 1323
 793  269  797  285
1993  727 1996  744
1434  195 1441  182
 780 1492  783 1475
 909 1907  911 1889
1817 1588 1817 1608
1187  926 1189  944
 460 1603  470 1593
 807  268  816  257
1038  835 1052  841
 166  166  169  149
 779 1408  796 1411
 362 1298  368 1312
 895 1606  912 1603
1968  442 1948  442
 253 1986  266 1993
1061 1955 1068 1942
1389 1498 1395 1484
1307 1608 1322 1603
 518 1490  519 1509
 628  689  633  704
 166 1201  185 1202
1042  799 1052  789
1379 1480 1395 1484
 964 1980  978 1974
1531 1929 1537 1943
  80   22   95   27
  89 1726  108 1725
1204  596 1216  588
1814 1041 1826 1033
 516 1407  519 1390
 178  641  179  660
 500 1391  519 1390
 215  581  229  575
1969  958 1978  947
 278 1364  288 1374
 260  228  273  221
1797 1066 1806 1077
1856 1791 1865 1803
 606  461  615  449
 993  287 1010  291
 299 1350  278 1350
 909  530  920  540
 737  879  757  880
1497 1226 1503 1241
1388 1043 1390 1024
1866 1537 1880 1530
 438  992  440 1011
1798 1483 1805 1497
 269   53  285   58
1216  588 1226  577
 860 1084  863 1066
1102  219 1122  220
1474 1756 1477 1738
1480 1494 1492 1485
 558 1061  562 1044
1552  952 1556  969
 852  200  864  191
1251 1478 1268 1474
1941  881 1955  888
   1 1496   13 1487
1373  520 1391  517
1603 1907 1612 1919
 518 1490  535 1486
 677 1383  686 1371
1346   32 1361   26
 751 1929  763 1939
 978 1974  978 1996
1643  829 1643  851
 650 1841  653 1860
1731 1941 1738 1926
 789 1955  789 1977
 890  100  898  114
 758  663  764  679
 559 1002  580 1001
1184  870 1202  874
 503 1971  519 1965
1794  310 1813  307
 424  716  438  708
 827   38  834   23
 475  510  482  525
 692  147  701  134
 837 1587  858 1586
 849  382  856  367
 265 1924  285 1922
 468  682  471  663
 744 1793  751 1808
1345 1334 1367 1334
1094  205 1102  219
 587 1776  607 1778
 694 1346  701 1331
 147 1390  152 1373
 468  114  479  103
 940 1761  962 1761
  32  748   33  726
 967  740  986  744
1791  486 1812  488
  16 1629   17 1607
1372  498 1373  520
1283  375 1291  360
 545  641  550  659
1357 1865 1369 1854
1537  789 1552  797
1402  187 1410  202
 658 1118  674 1111
 103  237  121  242
 169  750  180  738
 611  695  628  689
1617 1425 1631 1416
 288  529  297  515
 468  728  483  736
 940 1952  944 1933
 454 1631  467 1621
1448 1121 1451 1141
1563  759 1567  778
1934 1215 1937 1195
1934 1215 1936 1236
1989 1457 1996 1441
 415  730  424  716
  23 1034   23 1057
1046  714 1066  717
 134  376  135  398
1077  183 1077  206
 799 1343  806 1359
  26 1544   33 1528
1209  145 1228  141
1399  605 1413  595
 977  559  983  577
 548  465  563  456
 536 1199  545 1214
1074 1415 1097 1416
 535 1486  552 1493
 349  514  357  498
 311  240  332  237
 298  207  307  192
  98 1256  109 1243
 135  398  138  419
 920  540  921  563
1492 1485 1493 1462
1515  787 1537  789
 356  684  364  668
1277  869 1293  877
1051 1759 1070 1754
1206  207 1212  189
  23   99   39   91
1009 1577 1019 1563
 519  336  536  343
 209  488  213  468
 657 1820  676 1815
 237 1579  247 1593
 930   25  943   36
 874 1275  875 1298
 261   79  274   90
1148  852 1150  829
 516 1407  538 1410
 141 1655  152 1641
  77  596   89  583
 839  662  842  640
1234  886 1240  867
  68 1242   76 1225
 475 1058  483 1041
1544 1003 1545 1027
 300 1841  318 1848
1092   90 1107   80
 536 1199  549 1187
 975 1809  984 1793
 992  464 1001  448
 824 1575  837 1587
 230  159  247  167
1117  899 1129  886
1464  807 1470  788
 236  229  260  228
 864 1905  864 1930
 992 1430 1012 1435
1474  410 1484  425
 607 1778  607 1803
 867 1780  890 1778
  99 1526  121 1529
1470  788 1472  765
 610 1379  629 1385
 834 1609  837 1587
1533  336 1551  343
 460 1603  467 1621
 381  193  399  200
1592  392 1613  396
1212 1543 1231 1549
1826 1033 1840 1022
 877  753  892  763
 366 1459  390 1460
  10  654   21  668
 194  498  209  488
 848 1914  864 1905
1203 1740 1227 1741
1077  183 1097  177
  76  106  101  107
1351 1310 1372 1305
1812  488 1830  480
1680  325 1689  342
 352 1146  371 1153
 371   23  381   39
 611  848  613  872
1814 1631 1817 1608
1360 1128 1365 1107
1780  559 1790  575
1625 1454 1643 1446
 999  974 1002  951
 253   28  255    4
 771 1265  774 1288
 771 1701  772 1726
1184   19 1190   39
1093  355 1103  339
 629  229  650  234
1964 1937 1987 1934
1317 1508 1324 1489
 782  779  784  755
1385 1805 1411 1805
 889  932  892  955
1094  643 1115  648
 295 1655  315 1649
1336 1860 1357 1865
 332  104  344  118
 868   96  890  100
   5 1227    7 1203
1108 1175 1132 1173
1326 1133 1347 1128
 658  365  669  380
1024 1504 1042 1496
 906  254  929  258
 579 1099  606 1099
1245  458 1249  481
1435 1546 1452 1556
1563  759 1589  760
 767 1376  785 1385
 892 1993  913 1999
1362  536 1373  520
 802 1227  812 1210
 693  983  710  993
 642  178  658  167
  98 1256  100 1281
1274  670 1281  690
1664 1076 1672 1057
 616  177  642  178
1563 1473 1586 1477
 444  827  462  818
1074  650 1094  643
 577  386  580  362
1753  882 1762  900
1979 1029 1988 1011
1214  684 1238  681
 530 1464  535 1486
 729   74  739   57
1735 1853 1738 1829
1107   80 1108   54
1434  195 1449  207
 658  167  661  143
1382  595 1399  605
 135  266  158  270
 288 1094  303 1106
1168 1734 1184 1723
1697 1185 1718 1179
 804 1022  831 1022
 572 1750  589 1740
1672  306 1680  325
1140 1904 1145 1926
1433  390 1455  385
1865 1803 1866 1829
1212   98 1224  114
1367 1401 1379 1417
 650 1841  657 1820
1477  131 1490  146
 304  167  307  192
 519 1965  524 1942
 147 1937  163 1925
1989 1420 1996 1441
1750  857 1753  882
 560 1902  570 1884
1203 1740 1208 1763
1746  912 1762  900
  63 1028   90 1029
1109 1289 1133 1293
 806 1091  820 1077
 158  270  159  243
 523 1220  545 1214
 436 1599  460 1603
1182  176 1198  188
 120  489  141  496
1605 1441 1617 1425
 768 1137  770 1163
 986 1452  992 1430
 611  848  623  832
1802 1189 1802 1161
 704  886  725  879
 244  649  264  657
 785 1385  796 1402
 340  659  363  654
1137 1301 1138 1328
1708 1205 1730 1211
 934  536  951  525
1815 1355 1820 1378
 545  641  559  627
 695 1471  702 1492
1478 1600 1498 1608
  85 1750   89 1726
1868 1153 1879 1136
 943 1988  964 1980
1770 1484 1798 1483
 782 1328  799 1340
1958 1149 1969 1167
 807 1624  812 1648
1107  419 1132  423
 476  548  482  525
1451 1698 1468 1686
1698  389 1726  390
1318  527 1331  543
 368 1312  390 1319
 979  272  993  287
1414 1201 1414 1230
1411 1805 1425 1820
 163 1925  169 1902
 307 1833  319 1816
1170 1024 1176 1001
   3  917   25  924
1379 1417 1400 1425
1615  828 1643  829
 507  301  531  306
1588  905 1600  888
 332  237  350  226
 983  163  986  189
1790   21 1819   21
 122 1900  123 1872
1238  681 1262  676
 450 1322  469 1312
1600  888 1622  881
1102 1525 1118 1512
  32  748   43  766
 281 1038  288 1060
 477 1397  500 1391
1870  299 1894  294
 277  326  279  299
 528 1192  530 1165
1586 1477 1606 1486
1293 1741 1306 1724
  57  653   60  680
 728  149  749  140
1404  389 1433  390
1185  683 1214  684
 398  896  398  926
1647 1834 1670 1841
 486 1548  501 1563
 734 1445  759 1450
1187  926 1212  921
1564 1929 1564 1959
 942 1611  917 1606
 101  107  120   96
  13 1581   17 1607
1031 1211 1055 1217
 185 1202  189 1228
1029 1798 1031 1826
1277  253 1287  233
 770 1163  793 1170
1147 1334 1174 1337
 589 1740  595 1716
 768 1137  795 1140
 501 1867  503 1895
 783 1475  809 1479
 577 1208  599 1200
1865 1917 1889 1911
1575 1634 1598 1641
 277  326  281  352
1797 1066 1802 1041
  76  106   78  134
1794 1516 1805 1497
1066  560 1070  534
 864 1930  888 1936
1365 1107 1384 1096
1467 1429 1483 1415
 836 1458  843 1481
 341  294  347  270
1374  652 1403  653
1345 1334 1351 1310
1075 1490 1095 1500
 846 1100  860 1084
  95   27  107   45
 532 1579  546 1595
1351 1653 1379 1651
1489  175 1490  146
 590  686  611  695
1394  319 1414  329
1872  837 1888  851
 249  995  274  990
 390  828  403  811
1296  138 1320  132
 115   43  123   21
 337 1914  359 1905
1166  161 1182  176
1823 1005 1826 1033
1034 1679 1048 1696
 836 1807  844 1830
1451 1698 1453 1669
 884  402  913  404
 919 1942  940 1952
1327 1321 1345 1334
1806 1654 1814 1631
1164    8 1184   19
 807 1561  824 1575
1507  810 1515  787
1331  543 1349  556
 675 1326  701 1331
1661 1545 1673 1564
1587  325 1606  313
 874 1656  882 1633
1301 1180 1320 1168
1814  953 1831  939
 706  820  733  816
1182 1267 1206 1274
 381   39  399   26
 202 1829  212 1808
 703 1711  705 1682
 123 1965  125 1994
1452 1556 1462 1577
 444  659  471  663
 288 1094  291 1066
 141  496  161  507
1410  202 1434  195
1224  114 1228  141
1367 1401 1381 1384
 584 1323  600 1308
1235 1774 1259 1767
 502  856  506  829
 903 1521  908 1495
 908 1764  933 1758
1188 1445 1203 1429
1730  460 1745  476
1697 1185 1708 1205
1291  360 1313  351
1011 1128 1041 1127
 311  435  341  434
1472  351 1488  336
 398  926  423  920
 273  221  279  246
 722 1924  737 1908
1861 1890 1865 1917
 109 1581  120 1601
1150 1122 1157 1098
1865  790 1897  790
 315 1649  340 1642
1864  498 1890  504
 192 1983  204 1963
1670 1841 1688 1855
1780  559 1780  527
1042 1496 1065 1487
 200 1626  211 1647
 200 1626  215 1609
1185  683 1193  659
 728  661  758  663
 637 1694  642 1721
 775 1353  782 1328
 862  770  877  753
 856  367  872  351
1272  743 1303  744
1626 1558 1640 1576
1707   63 1709   33
1958 1149 1989 1150
 491  900  507  884
 728  661  728  693
 399  200  422  191
 428 1623  436 1599
1461  479 1484  488
1964 1937 1966 1967
 890 1778  908 1764
 638 1172  658 1160
1970  736 1993  727
1166   63 1185   76
 892  763  901  786
1390 1024 1420 1022
1854 1333 1869 1350
 893  183  906  202
1324 1489 1346 1499
 321 1147  352 1146
 820 1077  835 1060
1107   45 1108   14
 764  679  778  697
1763 1876 1763 1908
1433 1096 1463 1094
 795 1140  821 1134
 935  740  967  740
 922 1253  931 1276
 289  911  307  925
1401 1249 1414 1230
1196 1404 1203 1429
1462  681 1466  709
1897  790 1914  805
 120  580  121  549
1095 1500 1102 1525
1338 1281 1353 1298
1946  478 1961  495
1945 1101 1973 1106
1934 1158 1958 1149
 686 1371  694 1346
1633  323 1654  335
1147 1034 1170 1024
1138 1549 1152 1568
 645  923  659  904
 502  856  507  884
 243 1632  253 1655
 963 1235  977 1216
 659 1676  686 1682
 541 1752  572 1750
1259 1767 1272 1787
 185 1422  189 1393
 836 1458  863 1464
1531 1929 1564 1929
1349  556 1362  536
1735 1853 1745 1876
 178 1176  185 1202
1053 1085 1073 1072
1287 1211 1313 1218
 346  405  355  381
1605 1441 1625 1454
 983  382 1002  368
1806 1654 1806 1687
1654   11 1680    4
1914  805 1924  782
 714  857  725  879
1050  923 1077  929
1174 1337 1182 1362
1879 1136 1902 1126
 650  234  678  239
1593 1506 1606 1486
1179 1588 1189 1565
 356  684  363  711
1552  797 1567  778
 866 1985  892 1993
1420 1022 1453 1021
 858 1586  877 1601
1349  556 1366  573
 346  405  380  405
1372  981 1379  954
 341  434  346  405
1899 1663 1927 1669
 141  496  142  463
 722 1924  751 1929
 261   79  269   53
1691  416 1698  389
 254  200  260  228
1652 1701 1679 1708
  57  653   65  627
1515 1730 1541 1738
1647   41 1653   13
1499 1084 1508 1109
 460  140  468  114
1566 1630 1569 1599
  89  583  120  580
 221 1188  236 1207
1097 1416 1101 1446
1934 1215 1966 1213
1697 1481 1703 1509
1707 1798 1713 1770
 174 1848  203 1843
 129 1677  141 1655
 780 1492  791 1515
1249  481 1281  479
1414  329 1447  330
1951 1332 1970 1317
1632 1164 1642 1188
1942  177 1954  199
1259 1409 1282 1398
1233 1809 1235 1841
1632 1164 1645 1143
1254  175 1254  209
 397  767  407  792
 268  465  297  471
1096 1366 1125 1360
1484  488 1487  520
  47 1141   60 1163
1845 1932 1865 1917
1472  351 1483  375
 189 1393  210 1379
1324  908 1346  895
 422  191  455  193
1637  175 1643  146
1170  550 1173  518
1691  416 1693  449
 754 1116  768 1137
 415  821  444  827
 359 1905  393 1904
 967  401  983  382
1108   14 1132   25
 935  740  945  715
 909 1231  922 1253
 313   10  319   39
1202 1843 1235 1841
 661  143  692  147
1855 1371 1869 1350
1608  936 1611  968
1062 1213 1069 1241
 152 1884  169 1902
 834   23  862   16
1973 1106 1989 1087
1693 1534 1703 1509
 947  386  967  401
1351 1653 1360 1679
 834 1318  859 1329
1118 1512 1147 1505
1415 1918 1418 1951
 623 1854  653 1860
1609 1397 1617 1425
1961  495 1992  500
 429  638  444  659
1454 1588 1478 1600
1699 1748 1713 1770
1132   25 1145   48
 942  682  945  715
1532 1377 1552 1393
1525 1406 1532 1377
 836 1858  844 1830
 903  206  920  225
  47 1141   75 1133
1890   43 1920   37
 477   69  479  103
1322  523 1327  492
1145   48 1166   63
1292 1951 1318 1961
 809 1479  843 1481
 710 1899  737 1908
1042  799 1075  802
 624 1525  653 1518
1929  635 1959  629
 266 1108  288 1094
 588 1820  607 1803
1697  940 1731  938
1654  335 1680  325
 942  682  951  655
1312 1342 1327 1321
 917 1619  926 1646
1962 1429 1989 1420
1747 1928 1763 1908
1312 1991 1318 1961
1916  754 1924  782
1643 1446 1663 1463
1454   52 1471   32
1580  590 1589  618
1606  313 1633  323
 307 1833  343 1834
 131 1900  152 1884
 112 1472  143 1466
 810 1357  838 1366
1023 1437 1044 1453
1346  895 1351  927
1395 1484 1413 1465
1380  463 1382  498
  96  133  129  137
  34  499   55  483
 344  118  379  116
1233 1809 1235 1774
1492 1485 1523 1491
 190  602  218  593
1976  142 1977  106
1855  857 1872  837
 822 1881  836 1858
1240  320 1263  334
 218  593  249  599
 615 1679  637 1694
1221 1704 1203 1723
1954  199 1982  190
1045  955 1050  923
1115 1387 1125 1360
1450 1774 1472 1759
 888 1936  919 1942
1625 1546 1661 1545
 877 1601  882 1633
 419 1511  437 1492
  50   95   76  106
 864  191  893  183
1946  478 1948  442
1120 1147 1132 1173
 131 1492  143 1466
 377  655  383  623
 121  242  135  266
 908 1764  911 1799
 577 1208  582 1175
 841 1735  847 1703
1010 1399 1012 1435
1570 1671 1585 1694
1872  799 1872  837
 545 1214  577 1208
1044  397 1080  399
1453 1021 1457 1055
 862  386  884  402
 587 1776  589 1740
1148  991 1176 1001
 437  955  438  992
1468  539 1487  520
 705  771  736  764
1927 1669 1946 1650
 279  246  311  240
 692  147  728  149
1455  385 1483  375
1938 1246 1957 1265
1062  751 1066  717
1366  573 1382  595
 728  661  737  632
  33 1528   60 1517
1202  874 1226  860
 686 1371  715 1380
1208 1763 1235 1774
1285 1265 1297 1291
1341 1389 1367 1401
 629 1596  660 1589
1489  175 1515  187
1690 1018 1709 1037
 349  514  376  525
 729   74  763   78
1752 1950 1776 1964
 359 1905  362 1940
 277  764  299  781
 862   16  891    6
1694 1118 1730 1121
 983  577 1011  566
 212  632  237  646
 440   54  442   91
1538  437 1561  453
 951  655  973  638
 887 1128  923 1131
1240  867 1277  869
 273  221  298  207
 942 1611  976 1616
1802  980 1814  953
1298  624 1327  614
 205  530  240  534
1235 1841 1269 1836
  88  339  111  323
 304  167  330  154
 940 1952  943 1988
1316 1403 1341 1389
 623  832  624  794
 116  163  129  137
 702 1492  724 1509
1613  396 1623  367
1001  448 1018  426
1282 1398 1316 1403
1813 1410 1820 1378
1880 1530 1896 1507
1320 1168 1334 1143
1206 1274 1227 1292
1036 1161 1041 1127
1664 1076 1699 1080
 808   58  827   38
  59  156   66  188
 714 1418  715 1380
 156  889  173  911
 449 1408  477 1397
1768  251 1797  261
1750  982 1772  999
1322  579 1327  614
1963  875 1968  840
 747 1479  783 1475
 964  247  979  272
  60 1517   77 1494
  90 1490  112 1472
1927 1123 1945 1101
 207  972  218  943
 437  955  441  919
1323  650 1327  614
  83 1410   90 1377
 763 1939  781 1917
 219 1066  254 1071
1934 1158 1937 1195
1152 1568 1189 1565
 247  167  254  200
1038  835 1042  799
 923 1131  951 1119
1330 1826 1336 1860
 191 1871  203 1843
 285 1922  312 1935
1418 1131 1448 1121
 615 1679  619 1643
1433 1096 1448 1121
 637 1694  659 1676
 706 1948  722 1924
 999 1164 1036 1161
 159  243  194  238
1466  709 1505  708
 967  401  969  439
 759  287  797  285
 237  772  254  795
 733  816  757  800
 510 1561  532 1579
1726  390 1748  372
1204  534 1244  534
1780 1640 1806 1654
 644 1564  660 1589
 950  963  980  974
  83 1410  115 1419
 132  654  135  692
 402 1227  433 1237
 668 1292  675 1326
 707  822  722  848
1255  912 1263  945
1029 1798 1046 1774
  84 1690   89 1726
1709 1037 1750 1037
1659  442 1693  449
 828 1507  843 1481
 577  386  596  408
1324  241 1325  201
1272 1787 1292 1808
 100 1281  113 1309
1731  938 1746  912
  59  156   78  134
1623 1689 1652 1701
1258 1069 1280 1088
1488  336 1510  317
1392  280 1394  319
 408 1787  437 1775
 248  803  271  821
 747 1479  759 1450
 158  270  169  300
1538 1700 1541 1738
 896  323  927  313
 557  824  573  799
 913 1999  943 1988
 279  299  299  278
 808   58  830   77
 969  439 1001  448
 743 1403  779 1408
 578  856  611  848
1709   33 1744   27
1291  360 1296  324
1448 1121 1482 1128
1679 1708 1717 1711
1272  121 1296  138
 253   28  269   53
 506 1671  527 1692
 929  216  929  258
 831 1022  835 1060
1118 1512 1122 1474
  86 1339   90 1377
 109  673  132  654
 531  306  536  343
1820 1378 1855 1371
1338 1281 1366 1267
 161  507  194  498
 254 1071  291 1066
 869 1004  909 1006
 881 1877  911 1889
1004  795 1042  799
 525   92  541  118
1492 1415 1525 1406
1471   32 1498   47
1510  317 1533  336
  68 1242  109 1243
1457    4 1471   32
1331  201 1359  215
1239  279 1240  320
  84 1690  124 1688
 658 1118  658 1160
1835 1209 1843 1175
 763 1939  789 1955
 129  137  150  116
 923 1089  923 1131
1927 1123 1934 1158
 253 1655  295 1655
 868  683  887  660
1185   76 1190   39
1570 1671 1575 1634
 807 1624  834 1609
 289 1157  321 1147
1717 1450 1755 1445
 393 1904  417 1885
1515  187 1521  224
 427 1274  433 1237
 483 1041  514 1053
 909 1231  952 1231
 210 1379  235 1361
1675 1375 1696 1353
1512 1014 1544 1003
1525 1406 1534 1440
 194  498  205  530
1196  147 1198  188
 865  252  906  254
  65  627   77  596
1616    6 1654   11
 243 1632  247 1593
1498 1608 1525 1592
1503  249 1521  224
1585 1694 1623 1689
1104 1540 1138 1549
 179  660  187  695
1442  139 1477  131
1820 1888 1861 1890
1694 1118 1699 1080
 674 1111  693 1135
 530  713  539  747
 371 1781  408 1787
1661 1545 1693 1534
 977  559  968  525
 380  405  396  432
1263  334 1296  324
1234  886 1261  902
1589  760 1609  737
 960 1580  962 1539
 178  641  212  632
1455  385 1474  410
 340 1642  364 1662
1877  117 1902  136
 656  359  676  335
1598 1641 1622 1621
 901  786  910  821
 324 1713  352 1729
1370 1201 1414 1201
1186  957 1203  984
 277  326  314  319
 563  278  566  237
 249  995  256  958
1441  182 1442  139
1606  313 1617  280
 477   69  484   32
1346 1499 1389 1498
1225 1334 1227 1292
 449  952  481  964
 298  114  332  104
1886  464 1890  504
 910  821  937  838
 628  743  633  704
 156  113  175  138
1176 1001 1203  984
1150  829 1191  826
1394  695 1415  718
 349 1187  352 1146
 297  471  297  515
1742 1818 1778 1810
 469  586  505  578
 420 1676  434 1706
1744   27 1781   20
 410 1318  450 1322
1103 1620 1144 1617
 714 1418  743 1403
  43 1004   63 1028
 868 1512  903 1521
1360 1679 1370 1714
1189 1565 1212 1543
1578  481 1616  488
 909 1907  919 1942
 440 1357  450 1322
1235 1841 1247 1874
1287 1211 1301 1180
  43 1922   85 1919
1287  233 1324  241
 836  342  872  351
 262 1321  278 1350
   0  604   10  639
1854 1333 1859 1293
1322  579 1331  543
1813  307 1828  277
 441  710  468  728
1482 1128 1508 1109
1457 1055 1463 1094
1561  453 1578  481
1725 1980 1731 1941
 123   21  166   19
 349 1187  386 1195
1020 1963 1035 1993
 559 1002  562 1044
1599 1751 1606 1789
 545 1531  552 1493
1815 1158 1843 1175
 828 1507  868 1512
  90 1490   99 1526
 212  632  218  593
1323 1895 1351 1878
 469  586  476  548
 898 1686  936 1693
 147 1390  189 1393
1721  497 1745  476
1512 1190 1517 1150
  26 1544   52 1563
1125 1360 1138 1328
 174  727  187  695
1042 1496 1044 1453
 428  232  446  259
 612 1888  623 1854
 629 1385  648 1359
 882 1169  887 1128
1580  590 1620  596
1770 1772 1783 1805
1524 1267 1550 1287
1477 1738 1515 1730
1802  980 1823 1005
 260  503  268  465
1225 1334 1228 1377
 468 1549  470 1593
 485 1923  503 1895
 180 1662  211 1647
 235 1361  278 1364
 929  258  964  247
 402 1411  444 1415
1775  393 1778  350
  21  864   60  871
 757  800  782  779
1817 1608 1862 1609
1062  751 1108  751
 559  627  594  616
1327  492 1335  454
1830  480 1832  524
1232 1607 1263 1592
1612 1919 1619 1958
1255  621 1298  624
1634 1616 1640 1576
 859 1329  860 1284
1470  788 1515  787
 918  403  947  386
1451 1399 1467 1429
  41 1326   57 1296
1413 1465 1441 1483
 468  682  468  728
 525   24  567   20
  23 1034   63 1028
1675  964 1697  940
 242 1142  263 1117
1605 1441 1606 1486
 469 1312  483 1344
1447  330 1472  351
 312 1935  337 1914
  29  798   43  766
 141 1655  180 1662
 570 1884  612 1888
   0 1999   46 1999
1544 1003 1556  969
1843 1175 1868 1153
 719 1209  753 1222
1797  261 1828  277
 347  270  350  226
1104 1030 1147 1034
1097 1416 1115 1387
 123 1965  142 1937
1409 1615 1432 1639
 714 1418  734 1445
1080  399 1107  419
1002  951 1045  955
1107 1875 1132 1897
 327  148  344  118
 224 1783  230 1742
1173  518 1204  534
 422  191  428  232
1731  938 1751  965
 281 1038  325 1035
1317 1508 1330 1542
 495  256  506  292
 211 1647  243 1632
 292   59  319   39
1920   37 1944   60
1587  910 1608  936
 645  923  661  954
1503 1241 1524 1267
1320  132 1326   91
1863  401 1909  402
 106 1640  152 1641
 680  441  721  435
  86 1339  131 1341
 364  668  408  671
1201 1507 1212 1543
 708  470  721  435
1289 1049 1295 1091
1748  372 1775  393
 274   90  298  114
1379 1651 1406 1672
1420 1863 1425 1820
1988  544 1992  500
1754  420 1775  393
 237  772  277  764
  10  654   57  653
 138  419  142  463
 154  333  169  300
1228 1377 1273 1374
1200 1142 1230 1160
1693  449 1730  460
1052  789 1062  751
1878 1089 1879 1136
1563  349 1587  325
1603 1907 1611 1867
1608  448 1616  488
 121 1529  142 1556
 774 1288  782 1328
 408  671  444  659
 709 1680  747 1690
 563  456  606  461
 386 1195  402 1227
 730 1559  734 1603
 974 1084  979 1041
 178 1176  222 1180
 841 1735  853 1771
1533  841 1542  880
1861 1890 1883 1864
 606  461  648  467
1637  175 1668  192
1492 1415 1493 1462
1101 1446 1122 1474
 730 1148  768 1137
1769 1540 1794 1516
1305 1676 1306 1724
1379  661 1394  695
1230 1160 1232 1207
1168  736 1179  774
 644  111  661  143
1185   76 1212   98
1032 1632 1034 1679
1392  426 1404  389
1094  643 1099  599
 763   78  790  100
 857  641  887  660
1601 1196 1642 1188
1304 1655 1351 1653
1966 1967 1991 1991
1380  463 1392  426
1295 1091 1326 1073
1854 1333 1896 1326
 427 1274  454 1296
 484   32  525   24
 520 1425  530 1464
1704 1911 1738 1926
 644 1564  658 1529
1263  945 1288  969
1688 1855 1735 1853
 557 1072  579 1099
 811 1778  853 1771
 942 1611  960 1580
1856 1657 1899 1663
1016  877 1033  845
1132 1173 1179 1175
1473 1200 1512 1190
 973  638 1000  660
1020 1963 1061 1955
 442   91  479  103
1384 1096 1433 1096
1076 1305 1109 1289
1859   61 1890   43
1772  999 1802  980
 502  635  545  641
1285 1525 1317 1508
1982  190 1985  144
 695   89  729   74
 648 1359  686 1371
 519 1965  550 1984
 705  771  706  820
1894  294 1910  260
1406 1672 1453 1669
1236  135 1272  121
1206  207 1254  209
1367  720 1415  718
 719 1520  730 1559
1828 1816 1865 1803
 158 1067  186 1089
1956 1474 1989 1457
1508 1109 1517 1150
1268  418 1295  441
 526  784  539  747
 423 1161  466 1154
 274  990  274 1040
1304 1655 1307 1608
 693 1135  730 1148
1441 1483 1480 1494
  13 1581   26 1544
 827  591  852  566
 710  993  748  981
1473 1200 1497 1226
1413  595 1449  609
1306   61 1326   91
 497  377  530  394
  93 1921  122 1900
 984 1793 1029 1798
1564 1959 1576 1997
 450  440  467  407
 113 1309  131 1341
 421 1167  446 1192
 297  471  311  435
 271 1814  319 1816
 299  278  311  240
 457 1843  499 1851
 674 1111  708 1094
1184  870 1191  826
1618   63 1647   41
1297 1291 1338 1281
  57 1642  106 1640
 137  696  187  695
 695   89  701  134
 395 1718  434 1706
 240  534  260  503
1525 1592 1569 1599
 913  404  915  453
 358  907  398  896
1697 1481 1717 1450
 705  523  724  555
1367 1334 1414 1338
 194  238  236  229
1432 1639 1453 1669
1622  881 1643  851
1427  821 1464  807
 155 1015  161 1060
1069 1241 1109 1230
 836 1807  860 1780
1036  637 1074  650
1550 1287 1552 1238
  25  275   50  301
 685  653  728  661
 692 1985  706 1948
1909  402 1952  410
 977 1216 1023 1211
 229  575  240  534
 834 1318  838 1366
 446  259  495  256
 233 1467  277 1459
 739   57  746   12
 960 1580 1009 1577
 274  990  317  981
1830  480 1864  498
1293 1741 1320 1766
1399  605 1403  653
1212  921 1255  912
 514 1053  558 1061
 872  351  896  323
1866 1829 1883 1864
1791  486 1780  527
 994   24 1045   23
 953  141  983  163
 152 1884  191 1871
 419 1829  457 1843
 794  352  836  342
 595 1716  642 1721
1281  479 1295  441
 615 1634  629 1596
1663 1463 1697 1481
1764 1865 1800 1848
 218  943  256  958
 408 1787  419 1829
1263 1592 1315 1591
1952  357 1952  410
1538 1700 1585 1694
1129  886 1148  852
 106 1640  120 1601
 567   20  567   73
1847  364 1863  401
 531 1633  546 1595
 303 1106  333 1083
1790  575 1814  604
1295  441 1335  454
 557  824  578  856
1699 1080 1709 1037
 111  323  154  333
1477 1685 1477 1738
1400 1425 1413 1465
1801  705 1818  741
1366 1267 1401 1249
1806 1654 1856 1657
1367  169 1402  187
 978 1974 1020 1963
 724 1509  747 1479
 297  515  349  514
1048  493 1059  536
 753 1222  802 1227
1679 1708 1695 1670
1273   40 1306   61
 305  385  355  381
1762  606 1814  604
 352 1729  395 1718
  16 1629   57 1642
 618  787  628  743
1623  367 1633  323
1226  577 1271  568
1886  903 1888  851
 874 1656  898 1686
1698  389 1703  340
1755 1445 1770 1484
 884 1269  922 1253
 816  257  865  252
 875 1298  912 1315
1196 1675 1221 1704
1041 1127 1053 1085
 962 1761  984 1793
1883 1864 1920 1881
 507  884  532  913
1174 1337 1225 1334
1359  215 1367  169
 392  761  415  730
1879    0 1890   43
1179 1175 1200 1142
 891    6  928   23
1750  982 1750 1037
1094  461 1107  419
1855 1371 1867 1414
 530  394  577  386
1707   63 1732   93
1031 1211 1036 1161
1589  760 1644  760
1420 1863 1460 1878
1351  927 1379  954
1018  426 1044  397
 462  818  506  829
 564  657  590  686
 668  288  676  335
1120 1147 1150 1122
  32   43   39   91
 299  781  344  791
 390  973  398  926
 936 1693  975 1677
 165 1134  178 1176
 628  743  672  732
  25  275   31  226
1699 1748 1717 1711
1449  609 1496  601
 936 1375  973 1357
1707 1798 1742 1818
1312 1580 1330 1542
1561  705 1563  759
 186 1089  219 1066
 831 1022  869 1004
1832 1975 1845 1932
1745  476 1791  486
 794  352  799  301
1921 1800 1953 1776
 506  829  557  824
 830  822  860  848
 705  523  708  470
1285 1265 1287 1211
  60  680  109  673
  23 1057   53 1083
1292 1808 1330 1826
1556  969 1611  968
1535  103 1572   84
 582 1175  630 1167
1783 1805 1828 1816
   0 1943    0 1999
 437 1775  489 1779
1182 1362 1196 1404
 277  764  288  719
1778  350 1794  310
1564 1959 1619 1958
1609 1077 1664 1076
1258 1069 1259 1014
 666 1517  719 1520
 923 1089  974 1084
1939 1051 1945 1101
 112 1472  115 1419
 606   93  644  111
1533  841 1537  789
 489 1779  521 1803
1108 1175 1109 1230
1918  680 1929  635
 975 1300 1002 1270
 228  318  277  326
 830   77  868   96
1608  448 1613  396
1052   15 1108   14
 281  352  305  385
1194  464 1245  458
1080  399 1093  355
1401 1249 1452 1255
 530  394  536  343
 595  607  642  597
1254  209 1287  233
 479  103  525   92
1144 1617 1152 1568
1244  534 1249  481
 648  467  680  441
 806 1091  821 1134
 390 1460  393 1405
 222 1180  242 1142
1642 1188 1697 1185
  41 1326   86 1339
 530 1705  541 1752
1303    6 1306   61
 649 1914  653 1860
1732   93 1760  123
 541 1268  545 1214
 844  717  868  683
   0  604   28  574
 115   43  120   96
 485 1923  524 1942
1802 1310 1815 1355
 417 1885  419 1829
1415 1797 1450 1774
  86  526  121  549
1900  900 1955  903
 433 1237  446 1192
 455  193  460  140
 588 1556  620 1530
1680    4 1709   33
1268  418 1283  375
 303 1106  321 1147
1232 1207 1287 1211
1341 1389 1345 1334
1865 1803 1921 1800
 793 1170  812 1210
1880 1530 1932 1537
 333 1083  388 1079
 477 1397  483 1344
1460 1878 1475 1834
 877  847  910  821
 668  288  678  239
 223 1802  278 1806
 973 1357  975 1300
1005 1919 1020 1963
1000  660 1036  637
 822 1881  848 1914
 608 1436  610 1379
1505  708 1561  705
1622  881 1660  902
 567   73  606   93
1749 1392 1755 1445
1073 1072 1099 1038
1070 1754 1108 1776
1103  339 1109  285
 667  909  704  886
 467  407  488  368
1157 1098 1216 1097
 596  408  615  449
1876 1467 1896 1507
1259 1767 1293 1741
  60  680   86  714
1326 1073 1326 1133
1415 1918 1420 1863
 573 1661  615 1679
 531  306  563  278
1415  718 1466  709
 790  100  808   58
 502  635  505  578
1555  555 1580  590
1372  981 1390 1024
1226  577 1244  534
1011  566 1066  560
 584  500  606  461
 256 1419  277 1459
 394 1474  437 1492
1312 1991 1369 1995
 737  632  788  622
 661  954  693  983
 975 1677 1034 1679
 863 1464  867 1407
 532 1579  545 1531
  13 1487   33 1528
1572   84 1622   73
 237  646  238  706
 794  175  795  115
 420 1676  428 1623
 753 1222  771 1265
 663 1913  710 1899
1896 1326 1951 1332
 169  149  226  153
1921  748 1970  736
 968  507  986  464
1154 1997 1214 1995
1939 1051 1979 1029
1499 1304 1524 1267
1255  621 1262  676
 396  432  450  440
 319   39  381   39
1272  743 1281  690
 526  784  573  799
1515  187 1555  165
 791 1515  807 1561
1031 1826 1047 1872
1108 1776 1116 1722
1867 1414 1876 1467
1066  717 1076  665
1667 1298 1728 1296
 559  564  559  627
1047 1872 1107 1875
 506 1671  531 1633
 636  992  661  954
   5 1227   57 1238
1145 1926 1193 1941
1586  248 1617  280
 110 1818  131 1776
 943   36  994   24
1514 1799 1548 1828
1974  888 1978  947
1484  425 1484  488
 238  706  288  719
1890  716 1921  748
1116 1722 1168 1734
 778  697  784  755
   0 1943   43 1922
  21  864   25  924
 503 1895  560 1902
 192 1983  253 1986
1239  279 1277  253
  47 1141   53 1083
 642  178  650  234
 442 1698  466 1738
1662 1323 1696 1353
1643  829 1697  839
1828  277 1870  299
1179  774 1191  826
 466 1738  489 1779
 827  591  842  640
 120 1182  178 1176
 344  791  407  792
1890  716 1918  680
 888  595  921  563
  33  726   86  714
1146  425 1186  400
1204 1496 1251 1478
 852  566  888  595
 795  115  832  143
1016  877 1039  919
 638 1172  645 1230
 580 1001  636  992
1957 1265 1970 1317
 307  925  317  981
1542  880 1600  888
  35  352   88  339
 331 1235  349 1187
 644  111  645   46
  35  352   50  301
1453 1021 1512 1014
1952 1771 1985 1738
 892  763  935  740
 892  955  950  963
1801  705 1836  673
 110 1818  123 1872
 336 1579  340 1642
  51 1826  110 1818
1341  833 1388  853
1341  833 1346  895
 979 1041  980  974
1611  968 1675  964
 892  955  909 1006
 931 1276  975 1300
1932 1537 1992 1529
 135  398  192  387
1652  244 1668  192
1131 1830 1132 1897
 844  717  877  753
 299 1669  324 1713
 441  919  491  900
1569 1840 1611 1867
1920 1881 1978 1870
1611 1867 1647 1834
1303    6 1346   32
1601 1336 1609 1397
 626  316  676  335
1601 1336 1660 1325
1694 1118 1697 1185
 265 1924  266 1993
 788  622  827  591
1586  248 1652  244
  55  483  120  489
1585 1694 1599 1751
1117  286 1122  220
1497 1974 1537 1943
 580 1001  593  943
1318 1961 1323 1895
 824  952  892  955
1326   91 1384   78
 285 1260  331 1235
 113  777  154  747
1117  286 1173  302
  85 1750  131 1776
1969  958 1988 1011
1814  623 1836  673
1750  857 1792  826
1619 1958 1654 1996
 983  163 1014  121
1858 1540 1862 1609
1978 1870 1987 1934
 409  572  469  586
  21  864   29  798
1982  190 1994  252
 185 1422  256 1419
1484  967 1556  969
1859   61 1877  117
1886  464 1946  478
 559  564  615  546
 192  387  239  414
   0    0   32   43
1989 1457 1992 1529
1560  687 1622  674
 834  509  852  566
1193 1941 1214 1995
1478  892 1542  880
 173  911  218  943
  57 1238   60 1163
   2 1855   51 1826
1944   60 1977  106
1794 1516 1854 1536
1620  596 1622  674
1697  621 1762  606
1819   21 1859   61
1043  121 1092   90
1777 1254 1802 1310
 600 1308  610 1379
 676 1815  751 1808
1535  103 1555  165
 288  529  321  579
1741  781 1750  857
 287 1542  290 1460
1905 1995 1966 1967
1498   47 1535  103
1944   60 1999    0
