2010
1503 1628 1503 1629
1614  114 1614  115
   0    0    0    1
1825  766 1826  767
1736  897 1737  896
1645 1337 1645 1339
 678 1840  678 1842
1814  486 1816  486
 454  603  456  603
 365 1068  367 1068
1679 1115 1681 1116
1657  981 1659  982
1740 1260 1740 1263
 277  884  277  887
1801   90 1804   90
1424 1788 1425 1786
 367 1701  368 1703
 990  408  991  406
1740 1257 1740 1260
 160 1562  161 1564
 272 1759  274 1758
1724 1331 1727 1331
 455  740  456  738
  82 1843   85 1844
 475 1629  479 1629
 719  664  720  667
  86 1702   86 1698
 908  246  911  245
 533 1180  536 1179
1197 1114 1197 1118
 862   14  865   15
1985 1937 1988 1936
 162 1195  165 1194
1657  768 1659  766
1537 1067 1538 1063
 269 1903  273 1902
1910 1327 1911 1323
1165  315 1165  310
 868 1121  872 1122
 803 1242  805 1239
1665  313 1668  311
 486  875  488  878
1814  761 1818  762
1898  996 1893  996
 389  253  390  257
 962  170  963  166
1397 1573 1402 1574
 879   14  880   19
1142   58 1142   64
 847 1924  849 1920
 876 1018  877 1023
1035  387 1040  386
 697 1141  702 1140
1675  696 1679  694
1877  583 1883  583
 959  138  962  141
1978 1487 1978 1493
1940  785 1941  780
1781 1890 1785 1892
1223 1037 1226 1040
1989 1329 1994 1330
1515  142 1518  139
1989  634 1992  638
1516  134 1518  139
1240   71 1243   75
 877  654  881  651
 455  740  462  740
1726 1911 1732 1910
  65 1455   71 1454
1694 1274 1696 1269
 481 1253  482 1247
1881 1839 1885 1835
 741  770  747  768
 876  593  877  586
1188  356 1192  352
  34 1016   42 1016
 502 1563  509 1562
1397 1573 1398 1580
1571  608 1563  608
1267  702 1269  708
1594 1260 1597 1255
1571  471 1579  471
1713 1399 1715 1405
1051 1918 1057 1916
1050  149 1052  143
1981 1565 1987 1563
1651  770 1657  768
 219 1842  226 1841
1654 1989 1657 1994
 140 1017  142 1011
 422 1506  424 1499
 876  578  877  586
1980 1062 1985 1058
1705  490 1708  496
1538 1063 1544 1060
1219 1293 1219 1284
1287 1576 1288 1568
1964 1039 1968 1034
1417 1695 1421 1690
1960 1044 1964 1039
 358 1990  365 1988
 451 1020  453 1013
1176 1193 1181 1189
 249  596  255  599
 691  681  695  676
1995  814 1995  824
1727 1362 1730 1369
1841 1126 1842 1117
 656 1778  661 1783
1057 1916 1062 1911
 357 1957  357 1967
 552 1502  553 1511
 794 1057  795 1066
 359 1150  362 1157
1838  141 1842  147
 441 1977  446 1972
1258  936 1268  936
1579  444 1586  441
 474  859  483  860
1146 1558 1156 1557
1864 1392 1870 1397
 688  948  693  954
1818  762 1825  766
1418 1325 1419 1335
 345 1562  354 1560
 404 1989  410 1994
1407 1190 1407 1201
 125  778  131  783
 175  905  184  907
  50  454   51  464
 310  325  317  321
 941 1938  950 1940
1513 1148 1515 1139
 612 1810  622 1809
 727  216  730  224
 336  497  344  500
1975 1939 1985 1937
 779  646  782  637
 110 1427  120 1429
1012  765 1017  772
1409  696 1417  700
1274  656 1286  656
1611 1786 1616 1793
1462  904 1464  894
1779 1146 1783 1154
 258  799  266  795
1879  705 1882  714
1419 1166 1429 1168
1855 1816 1865 1818
 778   19  787   16
1714 1613 1716 1623
1816  937 1818  927
  57 1029   63 1035
1120 1620 1120 1632
1887 1019 1893 1025
 693  715  702  712
1887  620 1895  616
1869  901 1877  905
1601  671 1610  674
 525  288  532  293
 525 1150  535 1153
 113 1146  113 1159
 353 1491  363 1494
1452  634 1453  622
1172 1110 1175 1100
1679  694 1682  704
 340  463  340  476
1880 1314 1884 1323
 163 1521  165 1532
1888  107 1893  115
1555   95 1563  100
 113 1146  123 1149
1322 1390 1332 1393
1484  554 1490  547
1406 1324 1418 1325
 263 1896  269 1903
 882  758  888  765
1734  886 1736  897
1954 1118 1960 1125
  24  191   36  192
 551  741  558  735
1415  927 1424  923
1435 1131 1447 1132
1449  999 1451  988
  48 1218   61 1218
1885 1776 1886 1764
  81   66   92   69
 899  704  905  696
 487 1731  495 1725
 184 1714  197 1715
 138 1498  145 1491
 523  571  528  580
 112 1181  118 1173
 498 1544  504 1536
1012 1957 1022 1961
1652  230 1666  230
 538 1888  551 1887
 528  966  538  970
 860   26  862   14
1040  386 1046  394
1094   14 1107   15
 244  257  254  261
1406 1505 1417 1508
  49 1061   62 1062
 690 1513  702 1511
1400  414 1405  405
1883  610 1887  620
1691  471 1704  470
 706 1842  719 1843
1319  586 1330  583
1816  486 1819  475
1301  775 1305  785
 434 1354  420 1354
1835 1618 1843 1624
 279 1379  287 1385
 301 1083  313 1081
1710  802 1710  816
 743  441  745  453
1234  612 1238  623
1763  158 1765  171
1145 1827 1156 1823
1345 1568 1349 1557
 847 1924  860 1926
 996  976 1000  965
 440 1024  451 1020
  70   62   81   66
 270  683  283  685
1598  480 1609  484
 643   49  647   60
1956 1368 1969 1366
1987    3 1999    0
1743  657 1744  671
1016 1654 1020 1643
 790 1005  790 1020
1783 1154 1789 1163
1247 1429 1256 1435
1179 1284 1194 1284
1058 1266 1062 1277
 755 1931  768 1933
1810  283 1817  275
 985 1404  997 1407
 520 1846  533 1848
 865   15  879   14
1842 1117 1849 1109
 994 1621 1002 1614
 193  800  200  808
 443 1960  446 1972
 528  920  532  909
1692  102 1706  103
 517  915  528  920
1042  867 1056  865
 500 1577  502 1563
 283  685  287  673
 739  747  747  739
 647  371  662  370
 528  920  543  921
  10 1064   19 1071
1076 1807 1079 1794
 157  993  172  994
1793   76 1800   67
1659  982 1669  988
1961  791 1974  788
 998 1367 1001 1354
1257   87 1257  103
 485 1131  494 1124
1655 1038 1663 1030
1020  365 1033  362
 831 1531  844 1534
 877  654  878  669
1276 1507 1281 1496
1964 1039 1977 1042
1439  983 1451  988
 355  356  364  348
1579  329 1595  328
 802 1589  813 1583
1800  938 1816  937
1528  524 1538  517
 125 1236  127 1221
 554  267  569  269
 541 1296  558 1296
 937 1498  948 1492
1935 1482 1951 1483
1320  238 1329  246
 147 1312  153 1301
 554 1644  560 1633
 813 1583  813 1600
 844 1534  846 1549
 132 1004  142 1011
 808  352  821  348
 834  214  840  203
1234  805 1242  814
 507  570  523  571
1142   58 1144   43
1156 1557 1171 1555
1876  996 1893  996
1966 1931 1975 1939
  89  478  103  475
1253  423 1261  432
 839    6  852    2
1228  630 1238  623
1095  414 1096  398
 512 1019  519 1029
1603 1777 1611 1786
 847 1692  864 1691
1718 1036 1722 1050
 287  673  300  678
1407 1190 1417 1182
  79 1713   86 1702
 765  636  782  637
 568  134  575  145
1976 1076 1980 1062
 863 1362  875 1368
1417 1182 1419 1166
 483  860  486  875
 690   96  703  101
 656 1778  667 1771
1007 1944 1012 1957
 849 1902  849 1920
 558 1278  558 1296
1312 1267 1314 1251
  70   44   70   62
 242  797  258  799
 598 1752  614 1754
1120 1620 1131 1613
 792   76  799   87
  80  926   82  910
 680  720  693  715
 812 1076  820 1066
 995  896  998  880
1841 1855 1850 1865
1743 1617 1762 1617
1910  280 1917  268
 719   41  732   35
1748  721 1753  735
 458  653  468  662
1558  237 1577  237
 990 1942 1007 1944
 455 1803  471 1800
 113 1159  118 1173
 219  628  235  631
 875  746  882  758
1285 1897 1286 1915
1601   86 1616   90
 131  783  141  774
1366  216 1375  206
 499 1192  508 1202
1990 1989 1999 1999
 278  233  291  239
1642  259 1645  275
1888  107 1892   92
 428 1156  445 1154
 526   14  530   29
 522  532  525  516
1134   75 1142   64
1011  248 1012  266
1134   75 1142   86
1942 1714 1945 1731
 554  267  561  254
1214 1200 1226 1208
1586 1753 1596 1763
1098 1878 1111 1885
1940  785 1941  804
 609  976  614  961
1563  100 1565   82
 121  762  125  778
  13  455   19  441
 602 1342  619 1345
 287 1385  292 1400
1491 1206 1501 1216
1599  120 1614  115
1042  867 1044  849
1280 1241 1297 1238
  91  299   92  280
1632 1476 1650 1474
  15  889   28  896
 185  128  204  127
 420 1334  420 1354
1755  778 1760  763
1382 1392 1395 1385
 623 1650  631 1638
 828 1133  828 1153
 772 1703  774 1721
 721   93  733   85
 242  389  261  388
1838  141 1853  136
 686 1370  691 1355
 790 1005  796  991
 732  621  752  621
 897  882  913  878
1672 1101 1679 1115
 970  726  989  724
 849 1902  864 1908
1843 1516 1860 1520
 141  774  142  794
 997  860  998  880
1153  324 1165  315
 616 1664  623 1650
 898  554  902  537
 512 1860  520 1873
 260 1056  268 1043
 274 1758  276 1777
1918  303 1938  302
1134  747 1148  740
 310 1842  320 1853
1870 1397 1877 1411
 243  740  245  721
 994 1549  994 1570
1144  794 1161  790
1669  988 1683  995
1650 1474 1656 1459
1814  459 1819  475
1034  650 1048  657
1910 1327 1930 1326
1704  470 1705  490
1596 1763 1603 1777
1716  334 1731  328
1877  905 1896  903
 529  377  547  380
1266 1575 1287 1576
 771 1023  790 1020
1265 1549 1273 1535
1210  870 1212  890
 193  800  203  788
 220 1111  230 1099
 817  931  826  918
1852  576 1858  592
1099 1595 1113 1587
 390 1180  392 1160
 434 1588  451 1593
1268  936 1281  927
 479 1659  488 1672
 141  774  162  773
1793   76 1801   90
 609  976  614  993
 351 1417  364 1408
 829 1554  846 1549
1805 1278 1816 1289
  36 1231   47 1242
1586 1753 1606 1751
1501  565 1518  570
1567 1547 1575 1561
1635 1281 1635 1303
 899  961  899  983
 270 1793  276 1777
 852    2  862   14
1251 1310 1269 1306
 651 1320  667 1326
1076 1807 1095 1810
1443  647 1452  634
1444  840 1460  846
1186  309 1165  310
1313  158 1330  153
 347 1099  359 1089
1650 1474 1670 1476
 489  338  507  342
1541  213 1542  192
 182  109  185  128
 351    7  351   29
 671  707  680  720
 291 1970  312 1969
 368  970  384  964
1938  302 1938  324
 512 1860  520 1846
1191 1690 1192 1711
1909 1629 1913 1611
 161 1564  182 1566
 876  593  886  606
 673 1350  691 1355
 990 1232 1002 1243
1826 1847 1841 1855
 779  646  799  643
1192 1711 1203 1723
1002 1614 1004 1593
 994 1653 1016 1654
1665 1494 1670 1476
1976 1076 1982 1093
1977 1042 1980 1062
 253 1093  272 1097
 311 1991  312 1969
 626 1940  631 1958
 480 1607  479 1629
1715 1066 1722 1050
1022 1107 1034 1096
 799 1702  820 1704
 399 1506  422 1506
 812 1076  819 1092
 428 1156  431 1176
1435   92 1440  110
 529  377  539  364
 408  404  423  412
1366  216 1372  233
1359 1970 1370 1982
1583  954 1600  948
1643  138 1657  147
1499  781 1522  781
 795  251  809  242
1349  867 1366  873
 609   94  615   77
 168  520  183  512
 216 1822  219 1842
 380 1967  357 1967
 989  507  993  488
 498 1544  502 1563
1529  859 1543  850
1131  190 1136  208
 723  700  736  710
 932 1465  953 1467
 432  468  446  477
1046  394 1047  416
   9 1161   18 1175
 730  224  732  245
1261  432 1278  438
1119 1100 1137 1095
 517 1296  541 1296
1039  503 1045  521
1034 1096 1050 1104
 647   60  660   71
 858 1673  864 1691
1142  841 1156  851
1537  642 1543  624
 862 1139  868 1121
 507 1041  519 1029
1737  896 1759  894
 686 1225  705 1220
1734  886 1744  872
 358 1990  357 1967
1917  780 1941  780
 681  245  701  241
1257 1123 1269 1111
1257  103 1268  116
 935  395  948  406
1594 1260 1615 1263
1420  887 1433  876
 773    0  778   19
 427 1605  434 1588
  66  525   75  510
  61  103   77  111
1329  246 1331  224
 626 1940  644 1946
1541  584 1563  582
 187  164  197  150
 466 1569  477 1556
1476  675 1498  677
 897  233  908  246
1748 1235 1768 1239
1168 1385 1190 1387
 697 1116  697 1141
1059 1386 1066 1368
 780 1586  802 1589
1731   21 1737   40
1744  671 1757  683
1194 1284 1219 1284
  47 1242   48 1218
1047  416 1060  428
1816 1832 1826 1847
1339 1234 1353 1223
 769 1375  771 1352
 795 1066  820 1066
 460  563  461  539
 461  539  479  532
 744 1291  749 1311
1614  115 1620  134
 336  497  340  476
 239  775  242  797
1637  892 1650  880
1304 1779 1320 1788
 804 1976  828 1975
1309 1402 1322 1390
 513  770  529  761
1581 1354 1582 1330
 714  644  719  664
1816  486 1817  510
1213  322 1221  305
 973  809  982  825
1770  245 1786  236
1846  796 1856  811
 739  747  741  770
1657  147 1675  140
1776 1346 1782 1327
 233  176  241  193
 567  976  571  997
 981 1248  990 1232
 301 1083  303 1060
  10 1015   34 1016
1852  995 1876  996
1034 1096 1037 1074
 612 1810  616 1789
1968 1552 1981 1565
 962  141  963  166
 639  678  644  699
1563  582 1563  608
 238 1362  242 1384
  47 1242   55 1260
1373 1618 1379 1638
1522  781 1528  801
 413 1631  437 1633
1614  114 1616   90
1555 1145 1566 1130
1914  664 1926  650
 551  467  552  492
 396 1483  399 1506
1351 1622 1373 1618
1022 1961 1042 1967
1675 1013 1683  995
1280 1241 1280 1267
1471   83 1489   91
 161  234  187  234
1990 1989 1998 1971
 998 1367 1020 1371
 721   93  722  118
 342  970  368  970
1552 1644 1563 1629
1131  190 1152  195
 854  487  854  513
1416 1855 1432 1845
 430   23  456   23
 703  101  721   93
1838  448 1843  427
1242  814 1266  812
1543  850 1566  847
 616 1368  619 1345
1243   75 1257   87
 455 1080  456 1105
1897 1340 1910 1327
 351  334  355  356
 948  406  953  427
 307   81  331   83
1859   18 1862   41
1360 1470 1370 1454
 597 1782  616 1789
 535 1153  555 1147
1743 1617 1750 1598
1895  616 1913  624
1286 1915 1295 1933
 535 1153  536 1179
 508 1140  525 1150
 950 1650  966 1639
1018  172 1029  188
1837 1572 1848 1588
  22  605   48  606
1620  134 1643  138
 458 1241  468 1224
1055   61 1072   51
1579  444 1579  471
1734   64 1737   40
 444 1309  462 1300
 881 1646  902 1640
 498  234  523  232
1883  610 1883  583
 261  627  274  641
 647   60  647   87
 404 1989  408 1966
1849  858 1851  883
1033  362 1035  387
1631  763 1651  770
 782 1235  805 1239
1579  329 1581  354
1884 1323 1911 1323
1124  170 1131  190
1225 1352 1229 1375
 359 1089  365 1068
  53 1675   57 1698
1353 1223 1380 1223
 902 1640  909 1660
 588 1355  602 1342
1924 1466 1935 1482
1050 1104 1059 1086
1444  528 1454  511
 899  961  910  945
 978 1664  994 1653
1899 1375 1925 1374
1940  785 1961  791
1362   44 1384   39
  63 1430   65 1455
1066 1368 1089 1372
1286  656 1305  648
 491 1030  507 1041
 911  903  913  878
1265 1549 1266 1575
1087  843 1112  841
  31  248   38  228
  42  529   66  525
1598  480 1579  471
1768 1239 1771 1264
1528  801 1544  789
1437 1631 1450 1646
1181 1406 1190 1387
1663 1030 1678 1043
 995 1433  997 1407
 752  621  765  636
1765  539 1769  563
1844  954 1858  940
1286 1915 1314 1915
1779 1146 1795 1134
1930 1326 1945 1339
 833  790  845  806
1856 1061 1861 1084
 103  367  109  389
 678 1842  706 1842
1484  554 1501  565
  15  584   22  605
 884  401  902  411
1346 1012 1368 1006
1959  313 1979  305
  42 1016   57 1029
 834  214  841  235
1516  134 1527  117
 118  799  125  778
1112  432 1136  428
1832 1811 1855 1816
1858  592 1877  583
 772 1703  799 1702
  62 1062   63 1035
 107  130  124  119
  98  777  125  778
 329  446  340  463
1463 1736 1480 1747
1492 1134 1515 1139
  34  102   61  103
 985 1827 1009 1831
1861  618 1887  620
1630  243 1642  259
1965 1157 1989 1153
 551 1887  577 1885
 235    0  259    4
1349 1557 1355 1535
 688  948  706  938
1911 1260 1914 1285
 392 1459  396 1483
1116 1194 1122 1216
 174 1161  194 1153
 351    7  370   16
1077 1589 1099 1595
1037 1074 1040 1049
 329 1574  345 1562
1261  432 1262  460
1924  554 1940  541
 940 1756  954 1741
 563  292  569  269
 894 1915  904 1896
  25  819   34  839
1413 1358 1419 1335
 380 1967  408 1966
1172 1110 1197 1114
1714 1650 1716 1623
1750 1343 1776 1346
 122   92  124  119
1401  717 1411  736
1986  661 1992  638
 192 1126  194 1153
1417 1508 1438 1516
1445  439 1471  442
1118 1366 1123 1342
1674 1432 1692 1421
  75  678   81  701
1893 1025 1893  996
1536 1380 1560 1375
1663 1030 1675 1013
1401  717 1409  696
 101 1407  110 1427
1346  651 1356  670
 700  466  722  459
 255  599  282  601
1470  470 1471  442
 658 1226  686 1225
1619 1492 1632 1476
 722  459  745  453
1978  452 1996  463
1136  310 1165  310
1670 1476 1689 1486
1289 1615 1304 1601
1882 1354 1897 1340
  57 1698   86 1698
 435  659  458  653
1914 1860 1921 1882
1880 1314 1885 1290
 859  679  878  669
 230 1099  253 1093
 995  370 1020  365
1740 1257 1748 1235
1455 1402 1474 1391
 754  933  767  916
 479  410  490  429
1485  765 1499  781
 197 1310  220 1303
 955 1244  981 1248
 423  412  442  401
1442 1212 1455 1195
 153 1586  161 1564
 639  678  653  662
1112  841 1142  841
 197  150  204  127
1781 1890 1781 1920
1536 1380 1537 1409
1032  887 1042  867
 101 1683   86 1698
 948 1492  953 1467
 145 1361  171 1365
1209 1604 1225 1590
  33 1203   48 1218
 538 1888  542 1914
1357  146 1359  118
 458 1241  482 1247
1155 1202 1176 1193
 904 1203  931 1206
1650  880 1664  864
1474 1391 1488 1407
 458 1241  463 1266
 235  631  261  627
 817  931  836  942
 479 1659  479 1629
 845  806  871  810
1843  427 1859  413
 444 1561  466 1569
1445 1319 1468 1326
1297 1238 1314 1251
 157   68  182   63
 667 1326  673 1350
 504  932  517  915
 805  949  817  931
 768 1903  768 1933
1001  541 1027  537
1217  395 1238  386
1000  965 1006  941
 494 1124  508 1140
1500 1451 1523 1444
1666 1749 1682 1764
1775 1180 1789 1163
 899 1233  900 1263
1331 1147 1348 1133
 735 1551  739 1578
 697 1116  708 1096
1727 1362 1727 1331
 580 1694  601 1704
1437  416 1445  439
 363 1494  372 1472
1439  305 1463  312
 597 1782  598 1752
1359  251 1372  233
 821 1455  839 1442
1792 1780 1797 1754
 171 1732  184 1714
1255 1896 1285 1897
 300  678  309  700
1397 1302 1406 1324
1273 1535 1276 1507
1609  484 1639  483
 606 1964  631 1958
1714 1650 1717 1678
1672   81 1684   62
 187  164  195  187
1181 1406 1183 1435
1056 1625 1074 1638
1937 1563 1945 1540
1492 1134 1493 1164
1951 1483 1978 1487
 182 1271  210 1268
1191 1690 1207 1675
 678 1840  688 1819
1033  362 1034  332
1106 1751 1122 1736
1000  965 1023  957
1974  788 1995  778
 124  119  148  126
1690 1072 1715 1066
1219  652 1228  630
1706 1239 1709 1211
1910  280 1918  303
 229  281  238  304
  67  373   72  346
 898  554  918  566
1938  324 1959  313
1882 1612 1913 1611
  25 1698   57 1698
 477 1556  502 1563
1419  121 1440  110
1610  674 1616  648
 799  643  819  631
1899  794 1917  780
 705 1553  735 1551
1630  976 1657  981
1643  106 1643  138
 359  947  368  970
1280  630 1286  656
 994 1621  994 1653
 859   57  860   26
1634   20 1661   15
1461  159 1491  157
1650 1565 1662 1585
1544  789 1557  770
 532  293  563  292
1476  790 1499  781
 631 1958  635 1986
 954 1011  969 1028
1962  669 1986  661
 331  991  342  970
1677 1339 1645 1339
 918 1947  941 1938
1817  275 1846  278
 948  374  948  406
 733   85  745   65
1095 1126 1099 1155
1148  740 1177  744
1586  645 1616  648
 589 1294  558 1296
1395 1032 1421 1025
 745   65  763   50
 723  155  748  163
1299  599 1319  586
 910  848  913  878
1754 1138 1779 1146
 142 1011  157  993
1121 1283 1139 1298
1501  565 1503  596
 312 1969  335 1979
 372 1472  392 1459
 667  936  688  948
1133 1447 1149 1430
1714 1613 1743 1617
 480 1607  506 1614
 571 1775  597 1782
 520 1873  538 1888
1418 1325 1445 1319
 182 1566  206 1575
 300 1667  322 1656
 209  268  229  281
 362 1157  392 1160
 984  242 1011  248
 994 1570 1004 1593
1498  521 1528  524
 702  712  723  700
1082 1346 1089 1372
1421 1690 1446 1682
 335 1979  358 1990
 402 1429  419 1446
 322    2  351    7
 322 1656  335 1677
1861 1084 1892 1081
 780  605  782  637
1330  153 1357  146
1330  583 1338  557
1372 1505 1406 1505
 537 1622  560 1633
   5 1793   35 1789
 695  676  720  667
1027  537 1045  521
1104 1783 1106 1751
1958 1010 1968 1034
 616 1368  645 1373
 255  599  261  627
1891  820 1899  794
1190 1387 1196 1359
 849 1644  881 1646
 472 1690  488 1672
 441  199  462  212
 883 1280  900 1263
  87 1479  115 1485
 682 1195  686 1225
1769 1428 1795 1436
1786  236 1793  209
1490  547 1498  521
1885 1290 1914 1285
1156 1557 1159 1588
  85 1844  107 1832
 705 1220  732 1213
 969  539 1001  541
1304 1601 1329 1592
1239 1332 1251 1310
1225 1352 1239 1332
1502 1309 1507 1280
 337 1437  351 1417
1221  305 1245  295
1401  669 1409  696
1179 1284 1185 1255
 865  552  898  554
1814  459 1838  448
1479  607 1503  596
 286 1646  300 1667
1243 1273 1219 1284
 354 1560  359 1530
 899 1233  904 1203
 538  970  567  976
1464  894 1497  892
 250  895  277  887
 462  740  475  762
 701  241  732  245
 644  699  671  707
 462 1300  479 1318
1468 1326 1487 1342
 462 1300  463 1266
1765 1772 1792 1780
1095  414 1112  432
1329  246 1359  251
1817  510 1823  539
 862 1139  867 1169
   7 1382   12 1412
1750 1343 1727 1331
1296  824 1308  847
 364  348  367  380
 423 1295  444 1309
 582 1733  598 1752
 881  651  899  634
 160 1562  165 1532
1004  293 1012  266
 250 1026  268 1043
1753  735 1760  763
 671 1709  706 1709
 415 1572  434 1588
1611  748 1631  763
1778  810 1785  838
1630  243 1652  230
 357 1041  365 1068
1339  892 1349  867
1515  142 1541  151
 915 1049  927 1026
1089 1372 1118 1366
1945 1540 1968 1552
1432 1845 1455 1858
1589 1802 1616 1793
1995  778 1995  814
 483  860  504  845
 136  524  168  520
 272 1097  274 1131
1157  116 1174  135
1156 1823 1182 1833
 720  667  723  700
1196 1359 1225 1352
 996  976  998 1010
1181 1189 1188 1160
1079 1794 1104 1783
1515 1139 1527 1115
1799 1308 1805 1278
1050 1238 1058 1266
 537 1622  547 1596
1633  547 1643  521
 741 1045  742 1010
  97 1126  113 1146
1889  854 1891  820
1268  116 1287  133
 115 1485  145 1491
1782 1327 1799 1308
1437 1631 1444 1602
1731  328 1734  361
 361 1665  385 1677
1851  883 1869  901
 575  145  607  141
1543  624 1563  608
 456  603  478  617
 981 1288  998 1307
 190 1438  198 1410
 973 1378  998 1367
 982 1525  994 1549
1257   87 1287   93
 292 1335  316 1347
1518  570 1541  584
1925 1374 1956 1368
 322 1656  342 1639
 322  520  336  497
1503  596 1508  628
 732 1213  747 1191
1709  661 1716  631
1555  982 1579  995
1960 1125 1965 1157
1655 1885 1671 1906
1886 1764 1906 1747
 434 1588  444 1561
 274 1131  310 1130
  19 1531   30 1557
1226 1208 1231 1176
 910  848  929  830
1039  503 1072  499
1893  115 1930  115
1357  146 1380  160
 966 1639  978 1664
 429  557  460  563
1331 1979 1359 1970
1843 1414 1877 1411
1865 1818 1885 1835
 854  487  855  451
 854  487  889  489
 864 1908  894 1915
 269  452  279  479
 865  552  876  578
  97 1126   98 1090
1175  380 1188  356
1183  275 1186  309
 478  617  515  617
1055 1336 1082 1346
1151 1056 1173 1041
1174  135 1180  166
1631  763 1631  800
1030   73 1055   61
1849 1109 1861 1084
1897 1340 1899 1375
 702 1511  728 1500
1417 1508 1422 1476
1816 1832 1832 1811
 239 1883  263 1896
1766 1394 1769 1428
 900 1072  915 1049
 471 1800  482 1827
 556 1020  571  997
 367 1068  388 1051
1475  712 1476  675
1615 1263 1635 1281
 335 1677  361 1665
1709  661 1743  657
 613  375  647  371
1561 1253 1597 1255
 462  740  478  718
 102  843  122  861
 722  118  723  155
 481 1253  489 1283
1624 1190 1638 1166
 224 1430  227 1465
 849 1644  858 1673
1148 1256 1185 1255
1160  609 1177  588
 607  141  624  162
  36  192   38  228
 121  724  121  762
 349  258  368  277
1424  923 1450  935
1058 1266 1091 1261
1079 1311 1082 1346
1082 1032 1097 1009
 427 1605  437 1633
1337 1324 1361 1310
 429 1068  455 1080
 253  491  279  479
 197  867  229  861
 433 1534  444 1561
  13  455   50  454
1971   25 1987    3
 161 1409  198 1410
 825  683  859  679
 710  195  727  216
1110 1552 1113 1587
 973 1378  985 1404
1972  897 1995  912
1740 1183 1775 1180
1571 1694 1599 1704
1149 1430 1183 1435
 880   19  916   22
 506 1614  537 1622
1867  514 1895  503
 918 1947  931 1973
 636 1296  651 1320
1111 1885 1124 1911
1680 1393 1713 1399
 521   59  530   29
1950 1181 1965 1157
 819  631  840  649
1460 1158 1493 1164
1245  295 1259  270
1552 1644 1585 1650
 820 1704  847 1692
 422 1506  433 1534
1913  624 1926  650
1370 1982 1406 1979
1725 1511 1732 1479
 197 1715  224 1727
1692 1421 1715 1405
 809  242  841  235
1447 1132 1460 1158
1371 1364 1382 1392
1310    5 1323   31
1859  413 1864  379
1705 1744 1711 1777
1182 1833 1190 1864
 274  328  310  325
 148  126  185  128
1400  414 1437  416
 385 1677  417 1670
1491  157 1515  142
 846 1340  863 1362
 229  281  244  257
 239  775  243  740
1050 1238 1081 1230
1244  339 1277  345
 574  814  595  832
1386 1160 1419 1166
1186  309 1221  305
1216   87 1243   75
1921 1882 1952 1890
1666  191 1666  230
 950  579  983  586
1852   71 1862   41
1565   82 1601   86
 615 1227  632 1250
 991  406  995  370
 981 1248  981 1288
 109  389  120  418
 736  710  747  739
1546  741 1557  770
1329 1592 1345 1568
 359 1530  363 1494
 424  688  435  659
1434  474 1470  470
 149  626  150  665
1446 1682 1450 1646
1420  887 1424  923
1419  121 1429  151
 392 1459  402 1429
 392 1160  428 1156
1429  151 1461  159
 790 1005  829 1006
 859   57  878   78
 856  716  859  679
1113 1587 1120 1620
 491 1030  493  992
1803 1516 1843 1516
1050  149 1066  173
1050 1238 1060 1208
 522  532  523  571
1082 1032 1120 1034
 828 1133  862 1139
1710  816 1742  824
1174 1319 1179 1284
 839 1442  867 1430
1879  289 1910  280
  27 1947   34 1914
1696 1269 1706 1239
 294 1867  320 1853
  19 1071   49 1061
 275 1946  291 1970
  96  999  132 1004
 137 1739  171 1732
 841 1184  867 1169
  71 1454   87 1479
1758   82 1793   76
 504  845  514  814
 998  880 1032  887
1672   81 1692  102
 818  885  826  918
1453  622 1479  607
 408 1966  443 1960
1843 1624 1848 1588
1352  751 1375  769
1581 1354 1584 1392
1287 1576 1289 1615
 846 1549  854 1582
1429 1168 1460 1158
1749  114 1758   82
 703 1671  706 1709
 781  726  784  688
1541  213 1558  237
 886  606  899  634
1678 1043 1690 1072
 714  644  732  621
 714  532  733  510
 552 1243  558 1278
1683  995 1719  990
1505 1711 1534 1699
1875  777 1899  794
1346  651 1362  626
1560 1375 1584 1392
1144   43 1166   24
 489 1283  517 1296
 790 1020  794 1057
 969 1028  988 1050
 271  922  277  887
 580 1694  582 1733
 490  429  528  432
 603  435  604  476
1413 1358 1441 1372
 743 1886  768 1903
 170 1935  186 1909
 615   77  647   87
 368  277  390  257
 367 1701  385 1677
 927 1026  954 1011
1512  473 1519  438
  28  896   29  937
 795  866  818  885
1506 1585 1533 1600
1541  151 1542  192
1534 1699 1571 1694
1524 1933 1531 1898
1682 1764 1711 1777
 165 1194  174 1161
 813 1583  854 1582
 242 1384  279 1379
1843 1414 1854 1445
1455 1195 1460 1158
 840  649  877  654
 529  761  551  741
1249 1716 1270 1695
1314 1251 1339 1234
 428  228  441  199
1754  212 1793  209
1972  843 1995  824
 420 1334  423 1295
 437 1633  475 1629
1820  586 1852  576
1266  812 1296  824
1110 1552 1146 1558
1734   64 1758   82
  67  373  103  367
1639  483 1643  521
 567  976  609  976
 584 1555  620 1549
 742 1010  771 1023
 190 1438  224 1430
 578   72  615   77
 989  724 1031  724
 950 1940  990 1942
 161  234  166  272
 158  871  197  867
1256 1478 1281 1496
 822  178  840  203
 347  581  387  584
1152  195 1161  229
1243 1273 1280 1267
1240 1868 1255 1896
1171 1555 1195 1536
 479  532  522  532
1256 1435 1256 1478
1137 1095 1175 1100
 272 1097  301 1083
 192 1126  220 1111
 911  245  930  269
 563  292  578  320
 910  945  911  903
 902  537  917  509
 413 1631  417 1670
 123  161  124  119
 945 1139  951 1176
 974 1079  988 1050
 948  406  991  406
 983  586 1007  605
 227 1465  228 1507
1411  736 1445  727
 845  397  884  401
  18 1175   33 1203
1269 1306 1284 1334
1472 1483 1483 1515
1712 1456 1732 1479
 425  518  429  557
1643 1854 1655 1885
  40 1473   65 1455
1450  935 1462  904
 163 1521  187 1502
1581 1354 1619 1359
 732   35  745   65
 382 1216  390 1180
1635 1303 1645 1337
1846  278 1879  289
1311 1699 1314 1740
  12 1412   23 1445
1181 1189 1214 1200
1940   12 1971   25
 296  982  331  991
 183  512  186  471
  31  248   74  249
1849  858 1889  854
 253 1093  260 1056
  28 1656   53 1675
 841 1184  849 1220
 645 1373  686 1370
1491 1206 1493 1164
1305  648 1346  651
  74  799  118  799
1830 1769 1832 1811
 824  438  855  451
1856  811 1891  820
 803 1178  841 1184
 456  603  460  563
1361 1310 1397 1302
1441 1372 1455 1402
  17  129   34  102
1544 1060 1580 1068
 731  334  756  315
 846 1389  863 1362
 615 1227  658 1226
 210 1268  220 1303
  79  751   98  777
1656 1459 1674 1432
 878   78  908   93
 512 1019  556 1020
  58 1120   97 1126
1513 1148 1555 1145
 370   16  373   58
1900 1537 1917 1509
1917 1509 1935 1482
1243 1273 1251 1310
1413   69 1435   92
1579  995 1583  954
1284 1334 1314 1349
 702 1511  705 1553
1142   86 1157  116
1270 1695 1311 1699
1244  339 1245  295
1111 1885 1148 1877
1435   92 1471   83
1011  672 1034  650
1395 1385 1413 1358
  76  862  102  843
 905  696  948  694
1445  727 1475  712
1959 1217 1992 1229
 948  374  953  334
1928  210 1943  240
 269 1259  293 1280
1122 1736 1137 1706
 908   93  913  133
 513  770  514  814
1816  937 1858  940
1493 1068 1537 1067
1470  470 1512  473
1775 1180 1818 1182
1315 1546 1349 1557
1988 1936 1998 1971
 918  566  950  579
1979  305 1994  335
1950 1181 1959 1217
1732 1910 1735 1952
1090 1990 1092 1947
  23 1445   40 1473
1714 1613 1720 1574
 954 1011  998 1010
1313 1871 1314 1915
 274  641  287  673
1334 1497 1372 1505
 182   63  182  109
1619 1359 1645 1339
 122  861  158  871
 989  507 1001  541
1044  566 1045  521
 797  387  808  352
1932  708 1948  738
 499 1192  533 1180
  75  510   89  478
1504  322 1516  288
1503 1628 1506 1585
 160 1454  190 1438
 784  688  825  683
 401  443  408  404
1545  341 1579  329
 928  448  953  427
 273 1902  275 1946
 187 1502  228 1507
 458 1419  460 1375
 528  920  528  966
 149  626  158  589
  12 1412   43 1397
 442  401  479  410
1706 1239 1748 1235
1356  670 1401  669
1793  209 1817  187
1292 1140 1331 1147
1060 1867 1062 1911
 475  762  513  770
 732  245  747  276
 763   50  778   19
1438 1516 1483 1515
1719  540 1765  539
 317  321  351  334
1632  700 1675  696
1760  945 1800  938
1459 1921 1468 1959
1571  608 1607  597
1355 1535 1372 1505
1116 1194 1155 1202
1748  721 1757  683
1433  876 1444  840
1360 1470 1372 1505
 883  199  906  175
 166  272  209  268
1206  557 1225  529
1713 1399 1730 1369
1687  840 1710  816
 840  203  883  199
 860  969  899  961
1672 1101 1690 1072
1664  864 1687  840
1631 1126 1638 1166
 434 1354  460 1375
 475  305  489  338
1610  674 1632  700
1277  345 1294  314
 763  850  795  866
1480  350 1511  367
 883  199  897  233
 138 1498  163 1521
 109 1322  147 1312
 733  510  763  528
 475 1876  520 1873
 624  162  669  159
1771 1264 1805 1278
  25 1698   29 1742
1314 1349 1337 1324
1668  311 1675  352
1797 1754 1830 1769
1900 1537 1945 1540
 662  842  671  803
1320 1788 1350 1806
1118  555 1121  510
 889  489  917  509
 593  878  595  832
 826  918  862  906
 747  276  756  315
1487 1342 1502 1309
 703 1671  736 1686
 633 1055  677 1051
  80  926  103  951
 203  788  242  797
1296  824 1305  785
 808  485  854  487
1271  756 1301  775
1314 1349 1322 1390
  74  249   92  280
1304 1779 1314 1740
 558  735  592  750
1523 1444 1537 1409
  77  111  107  130
1018  172 1066  173
  35 1789   81 1792
1226 1040 1230 1085
 195  187  233  176
1020 1371 1066 1368
1238  623 1280  630
 684 1272  686 1225
 856  716  875  746
1044  849 1087  843
  77  111   81   66
 107 1832  140 1816
1974  600 1989  634
 607  141  609   94
1414  329 1439  305
1060 1867 1098 1878
 354  114  390  101
 976  658 1011  672
1941  780 1948  738
1844  954 1852  995
1380 1223 1407 1201
 793 1281  803 1242
 902  411  935  395
1826  767 1846  796
1372  233 1416  238
 906  175  913  133
 841  235  868  257
  55 1260   79 1285
1012  129 1018  172
 739 1578  780 1586
 589 1294  636 1296
1142  841 1144  794
1060  428 1095  414
1186  309 1192  352
 330  885  355  861
  63 1430  110 1427
 423  758  455  740
1946  470 1978  452
1289 1615 1294 1660
1886 1481 1935 1482
1820  586 1823  539
1281 1496 1289 1454
1818 1182 1818 1232
 819 1092  828 1133
1280  630 1299  599
1665 1250 1696 1269
1858  940 1869  901
1066  173 1085  204
1095 1126 1119 1100
 998 1307 1001 1354
 329  446  332  399
 592  750  633  759
 754  933  760  977
 451 1020  491 1030
 982  825  997  860
1956 1368 1963 1411
 318  938  359  947
 632 1250  636 1296
 760  977  796  991
1742  824 1744  872
1411  736 1416  781
1527  117 1555   95
1225  529 1238  492
 931 1206  951 1176
1742  824 1778  810
 566 1974  606 1964
1689 1486 1732 1479
1269  708 1271  756
 357 1957  365 1915
 555 1147  587 1166
 913  133  959  138
  87 1479   88 1529
 158  871  175  905
 166 1778  171 1732
 525  516  552  492
1936  429 1946  470
 466  919  504  932
 925 1108  945 1139
1463  312 1504  322
1488 1407 1537 1409
1287  133 1313  158
1097 1009 1126  987
1062 1277 1079 1311
1188 1160 1197 1118
1870 1397 1899 1375
 836  942  860  969
 796  991  805  949
1375  206 1380  160
 145 1361  147 1312
 390  257  400  298
1139 1298 1148 1256
 646  906  667  936
1650  880 1660  921
 616 1789  661 1783
1843 1624 1882 1612
 909 1660  950 1650
1176 1480 1183 1435
 313 1081  347 1099
 368 1703  387 1736
1329 1592 1351 1622
1269 1111 1292 1140
1323   31 1362   44
 316 1347  367 1348
1537  642 1586  645
1468 1959 1481 1998
   5  965   29  937
1480  350 1504  322
  81 1792   82 1843
 671  803  717  809
1384 1775 1425 1786
1684   62 1734   64
1566  847 1578  887
1044  849 1061  814
 456  603  458  653
 274 1758  276 1708
 647   87  690   96
1759  894 1760  945
1754  212 1765  171
 701  241  704  290
1091 1261 1121 1283
1226  956 1258  936
 147 1312  197 1310
  79  751   81  701
1657  661 1709  661
 254  261  278  233
 593  878  595  928
 595  928  614  961
1238  386 1253  423
  51  464   89  478
1074 1638 1120 1632
 677 1578  705 1553
1954 1118 1982 1093
1657  147 1666  191
 877 1023  927 1026
1382 1111 1386 1160
1914  664 1962  669
 904 1896  939 1878
  29 1742   35 1789
1657  661 1675  696
 374  762  423  758
 357 1822  408 1824
1342 1666 1351 1622
 398  189  441  199
1375  769 1416  781
1368 1006 1395 1032
 988 1050 1040 1049
1267  702 1274  656
1643  106 1692  102
1203 1723 1249 1716
1145 1827 1148 1877
1862   41 1904   30
1137 1095 1151 1056
1238  386 1244  339
 780 1586  780 1639
 710  195  723  155
 706  938  754  933
1120 1034 1151 1056
 736 1686  772 1703
 332  399  367  380
1524 1023 1538 1063
 183 1081  192 1126
1993  964 1995  912
1917  268 1943  240
1429 1897 1459 1921
1454  511 1498  521
1020 1643 1056 1625
1885 1835 1914 1860
 161 1409  171 1365
 926 1417  932 1465
1928  210 1966  194
1817  510 1867  514
1904   30 1940   12
1599 1704 1606 1751
 331   83  354  114
 661  481  700  466
1173 1041 1226 1040
1804 1641 1835 1618
1450  935 1451  988
  76  862   82  910
1421 1025 1449  999
1945 1339 1989 1329
 277  884  330  885
1795 1134 1841 1126
 578   72  579   19
 878  669  905  696
1972  843 1972  897
 507  342  539  364
 342 1639  363 1606
1190 1864 1240 1868
 948  694  970  726
1708  496 1719  540
1085  204 1136  208
1416 1855 1429 1897
 456 1105  485 1131
1906 1747 1945 1731
 635 1986  682 1994
1108  892 1112  841
 112 1181  127 1221
1677 1339 1724 1331
1755  778 1778  810
 495 1725  528 1747
 601 1704  616 1664
  96  999  103  951
 226 1841  239 1883
1643 1933 1671 1906
 683 1465  690 1513
 187  234  195  187
 229  861  250  895
 763   50  792   76
 287 1385  292 1335
1401  828 1444  840
 429 1068  440 1024
 552  643  590  660
1081 1230 1122 1216
 533 1848  552 1812
1743  657 1763  622
1952 1890 1966 1931
1286  187 1287  133
 428  936  466  919
   5  965   10 1015
1294 1660 1311 1699
 894 1915  918 1947
 472 1690  487 1731
1225 1590 1266 1575
1238  492 1262  460
 401  443  432  468
 528  432  529  377
1136  428 1145  475
1348 1133 1382 1111
 273 1902  294 1867
 109  389  160  384
1648 1627 1662 1585
 552 1812  571 1775
 416  621  454  603
1455  209 1461  159
  19  381   67  373
 162  773  203  788
1752 1863 1781 1890
 995  896 1006  941
1800   67 1852   71
1879  705 1932  708
 883 1280  897 1322
 292 1335  293 1280
1052  143 1078  113
 701 1929  755 1931
1660  921 1700  937
 475 1876  482 1827
1238  492 1284  503
1134  747 1144  794
 788 1431  821 1455
1781 1920 1787 1971
1152  195 1180  166
1488  401 1511  367
   3 1624   28 1656
1277  345 1306  373
1454  511 1470  470
1768 1239 1818 1232
1345 1568 1397 1573
 425  518  432  468
1807  406 1843  427
1892 1081 1893 1025
1860 1520 1900 1537
 526  119  568  134
1110 1552 1129 1514
1445 1319 1448 1265
 795 1848  814 1810
1368 1006 1379  960
1932  375 1938  324
 799   87  813  130
 813  130  822  178
 462  212  498  234
1527 1115 1537 1067
 929  830  982  825
1749  114 1763  158
1979  305 1990  258
 460 1375  504 1389
 523  232  525  288
 797  387  845  397
1766 1394 1776 1346
1645  275 1665  313
1271 1967 1295 1933
1971   25 1978   76
1600  948 1630  976
1932  375 1936  429
 962  170 1018  172
1765  539 1823  539
1471  442 1488  401
1571 1694 1585 1650
1042 1967 1051 1918
 388 1051  429 1068
 702 1140  758 1142
 526   14  579   19
1380  160 1429  151
1732 1910 1781 1920
 364 1408  402 1429
1711 1777 1765 1772
1040 1049 1082 1032
 367 1348  420 1354
1533 1600 1563 1629
1546  741 1569  705
 744 1291  793 1281
 101 1683  144 1667
 909 1660  911 1717
1421 1025 1431 1074
1072   51 1094   14
1384   39 1413   69
 276 1708  315 1728
1121  510 1145  475
1675  352 1716  334
1569 1990 1585 1947
1631 1126 1679 1115
1885 1776 1885 1835
1498  677 1508  628
1528  801 1529  859
 276 1777  329 1783
 950  579  969  539
 310  846  330  885
1137 1706 1192 1711
 102  843  118  799
1012  765 1031  724
 918 1839  939 1878
 373   58  390  101
 445 1154  456 1105
1072  499 1121  510
 514  814  574  814
1177  588 1206  557
1757  683 1816  682
 238  304  274  328
 932 1359  973 1378
1023  957 1056  984
1472 1483 1500 1451
 747 1191  758 1142
1671 1906 1726 1911
 839 1442  846 1389
1504  322 1545  341
  19  381   19  441
1431 1074 1435 1131
1761  297 1770  245
1853  136 1893  115
 127 1221  162 1195
1480 1747 1505 1711
1308  847 1349  867
1338  557 1390  566
 364  348  421  344
 900 1072  925 1108
 579 1429  615 1454
1852   71 1892   92
 194 1153  224 1184
1512  473 1571  471
 551  467  604  476
1914  664 1932  708
 604  476  661  481
 735 1551  770 1524
1942 1714 1966 1676
1837 1572 1843 1516
 871  810  888  765
  58 1120   62 1062
1240   71 1252   21
1659  982 1660  921
1376 1716 1417 1695
1581  354 1611  386
 468 1224  508 1202
1606 1751 1666 1749
  29  937   80  926
1086  593 1104  637
 722  459  733  510
1810  283 1817  338
 292  129  307   81
1761  297 1810  283
 805 1239  849 1220
  28  896   34  839
 515  617  552  643
1579 1855 1589 1802
 766 1776  774 1721
 364 1408  367 1348
1167  691 1177  744
 749 1311  771 1352
 271  922  318  938
 661 1783  688 1819
 191  320  238  304
 717  809  741  770
 245  721  270  683
1475  712 1485  765
 239 1630  286 1646
 293 1280  352 1285
 140 1816  166 1778
 224 1430  242 1384
 101 1683  110 1628
 279  479  340  476
1631  763 1632  700
 926 1417  932 1359
 389  253  428  228
 374  762  394  806
 948  694  976  658
 625  588  681  580
 276 1708  300 1667
 259    4  322    2
1607 1603 1648 1627
1579 1855 1643 1854
1107   15 1144   43
1350 1806 1384 1775
1379 1638 1437 1631
 367  380  408  404
1424 1788 1432 1845
 590  660  653  662
1762 1617 1804 1641
 387  584  416  621
 667 1771  671 1709
1159 1588 1209 1604
1057 1916 1092 1947
  27 1854   82 1843
 468  662  478  718
 875 1368  932 1359
1809 1042 1856 1061
  72  346   91  299
1314 1915 1363 1898
 911 1717  954 1741
  91  299  130  327
 370   16  430   23
 505  165  526  119
1095 1810 1145 1827
  79 1285  109 1322
 400  298  421  344
 719 1843  743 1886
 310 1842  357 1822
 849 1644  854 1582
 329 1783  357 1822
  27 1854   34 1914
 639  270  681  245
1643 1933 1654 1989
1720 1574 1725 1511
1161  229 1183  275
1437 1631 1503 1629
 814 1810  860 1788
1854 1445 1886 1481
 408 1824  455 1803
 130  327  191  320
 292  129  328  161
1044  566 1086  593
 252   66  259    4
1662 1585 1720 1574
1004  293 1034  332
 677 1051  741 1045
 355  861  401  885
 828 1975  847 1924
1924  554 1883  583
1661   15 1684   62
 603  435  613  375
   6  659   22  605
1177  925 1212  890
  66  525  136  524
1477   12 1535   25
 569  269  639  270
 224 1727  276 1708
  19 1531   88 1529
1113  261 1136  310
 261  388  269  452
 295 1477  353 1491
 443 1960  495 1940
1585 1947 1643 1933
1271 1967 1331 1979
 149  626  219  628
1864  379 1932  375
1519 1799 1589 1802
1156  851 1210  870
1027    3 1030   73
 182   63  252   66
 504 1536  553 1511
1575 1561 1607 1603
1885 1920 1921 1882
 854 1582  921 1575
1281  927 1302  980
 644 1946  701 1929
1195  447 1217  395
1898  996 1958 1010
 553 1511  584 1555
1524 1933 1585 1947
   3  731    6  659
1302  980 1346 1012
 361  657  435  659
   7 1382   27 1325
1471   83 1477   12
1885 1920 1919 1964
1030 1753 1106 1751
 170 1935  184 1999
 615 1454  683 1465
 918 1839  985 1827
   0 1999   27 1947
 186 1909  239 1883
 719 1843  795 1848
 681  580  714  532
  15  584   42  529
1818 1182 1884 1199
   0    1   70   44
1945 1731 1998 1801
