2074
1124 1353 1124 1354
 913 1652  914 1652
 928  196  928  198
1618  644 1619  643
1193  465 1194  464
1740  764 1742  764
1401  499 1402  498
  15  496   16  497
   2 1584    3 1583
 755  182  756  181
1218 1853 1219 1851
1180 1828 1183 1828
1885  335 1886  333
1127 1705 1128 1703
1251 1838 1254 1839
 893  140  893  144
1341 1300 1342 1297
 716 1146  719 1145
1305  678 1307  676
1919  413 1920  410
 634  303  638  303
1234  310 1236  308
1131  895 1133  893
1218 1800 1220 1798
1735  219 1739  220
1820 1769 1825 1769
  48 1699   52 1698
1654  203 1655  199
1509 1365 1510 1361
 679  586  674  586
 278 1523  279 1527
 538 1424  540 1421
 614 1711  618 1710
 721  393  725  392
 990  541  995  540
1828   86 1833   87
1175  809 1179  811
 573   40  578   39
 720  811  724  809
1952  138 1955  135
 632  583  637  582
 203 1982  207 1984
1292  555 1293  560
 617 1715  618 1710
1260   84 1262   80
1486  296 1491  297
1964 1247 1967 1243
  47 1785   49 1780
1456  481 1461  479
 455   64  457   59
 885  243  887  238
 431  539  435  536
 894  195  898  198
 967 1536  973 1535
1410  762 1415  760
 947  267  951  264
1160 1602 1164 1605
1448 1628 1452 1625
1338  263 1341  259
 302  531  303  525
1477  528 1481  531
 894 1035  896 1040
 565 1250  565 1257
1570  464 1572  459
 247  282  253  280
 171 1876  179 1876
1669  387 1672  382
  76 1674   76 1682
1163 1544 1164 1537
 280  141  288  141
   3 1583    5 1589
  31  386   33  380
 979 1869  987 1869
1181 1949 1187 1947
1867  387 1873  385
1645 1259 1649 1255
1476  426 1483  425
1383 1502 1387 1506
 549 1314  557 1314
 304  476  308  472
 545  964  546  971
1398  599 1400  593
1240  386 1245  390
1760  218 1751  218
1115 1161 1121 1158
  37  143   42  139
1542  151 1544  158
 763  704  766  710
 988  548  990  541
 881   48  888   46
1315  513 1323  512
1924 1428 1931 1426
1240  377 1240  386
1644 1500 1652 1501
1684  410 1686  403
 279 1527  283 1532
 261 1026  263 1033
1129  549 1135  546
 782 1581  786 1576
 829 1175  836 1177
 399  191  400  183
1868  157 1877  156
1207 1800 1210 1807
 887   37  888   46
1135  588 1144  589
 239  731  249  731
 173  122  180  125
1721 1442 1725 1448
 717  130  718  121
 633 1180  634 1171
1475  520 1477  528
1202 1795 1207 1800
1704 1423 1714 1423
1492 1109 1497 1104
1027 1929 1028 1938
 973 1535  974 1525
 800 1357  809 1355
  34  151   37  143
1898  107 1906  104
1524  303 1528  310
  79  446   83  453
 234  737  239  731
 120  785  125  779
  37 1986   37 1975
1902 1245 1904 1254
 909  204  911  213
1718  531 1719  541
1532 1944 1536 1951
 818  771  821  779
 605 1709  614 1711
1207 1800 1218 1800
1405 1117 1410 1123
 382  107  386  114
 898 1936  904 1931
1452 1730 1458 1735
 706 1147  716 1146
1144  589 1145  599
1525  322 1529  329
1540 1621 1548 1624
1746 1603 1755 1601
1400 1739 1406 1734
1719  931 1728  928
 686  515  674  515
1282  202 1285  211
1392 1489 1401 1492
1955  135 1960  128
1044  591 1046  601
 263 1826  268 1833
1553 1710 1554 1699
1520  295 1524  303
 911 1642  913 1652
1927  330 1935  326
 599  647  602  638
 470  358  478  354
 130  659  135  652
1427 1716 1433 1722
 115  216  122  221
1933 1200 1933 1212
  60 1975   70 1977
 868 1871  879 1870
1378 1867 1385 1872
 972  276  972  264
 981  267  972  264
1517  286 1520  295
1067 1312 1075 1308
 882  143  893  144
 372  462  383  463
1944 1480 1947 1490
1825 1307 1828 1317
1410  678 1413  668
1664  771 1669  763
1315  513 1318  503
 154 1795  156 1784
 368 1558  373 1550
  40 1742   50 1739
 326 1928  334 1923
 565  542  574  538
 672 1249  679 1243
1659  601 1663  610
 221 1846  231 1849
1489  565 1494  573
1968  677 1970  688
1938 1732 1946 1727
 377   99  382  107
1569 1669 1576 1663
 562  552  565  542
 652 1165  659 1171
1219 1851 1231 1852
 538 1424  526 1423
1338  455 1350  454
1692 1830 1701 1834
1191 1263 1197 1256
1993  717 1996  727
 933  251  938  243
1279 1601 1292 1601
 314  153  325  155
1385  644 1398  644
1652 1501 1661 1497
1218 1800 1226 1806
 624 1340  630 1348
 444 1783  446 1771
 653 1394  662 1399
 515  266  526  263
 979 1613  982 1624
 464 1938  473 1933
 513 1534  513 1548
1571 1778 1581 1774
 168  213  177  208
1415  208 1425  212
1867  387 1855  385
1976  365 1988  363
 163 1489  177 1489
1981  575 1991  571
 839  191  845  183
1765 1330 1776 1333
 929 1265  940 1262
1739  220 1751  218
1759 1690 1772 1689
1325 1750 1333 1756
1916 1121 1927 1118
1742  764 1754  766
 887  516  890  505
 136  692  141  683
1153 1289 1160 1282
1845 1330 1849 1341
 511 1423  526 1423
1644 1637 1645 1623
 824 1165  829 1175
 651  424  662  428
 433  342  441  349
 679 1243  692 1241
1887 1897 1900 1895
 928  198  928  213
 906  918  913  926
1385 1356 1387 1369
1580 1917 1593 1919
 662 1399  666 1410
 613 1697  614 1711
1525  322 1528  310
1706 1228 1719 1226
1117 1686 1124 1678
1644 1500 1644 1515
1476 1408 1484 1401
1130  948 1142  945
 640  249  655  249
 346 1141  356 1147
 641 1069  650 1076
 688 1220  698 1214
 833 1608  841 1616
  22 1271   29 1262
 797 1370  800 1357
1649 1255 1665 1255
1069 1047 1072 1060
 698 1214  708 1208
1290  315 1297  306
1046  601 1061  602
 334  827  340  837
1124 1678 1137 1681
 759 1767  775 1767
1325  458 1338  455
 635 1759  642 1750
  26 1918   32 1908
1855  369 1855  385
1578 1850 1590 1854
1491  297 1493  283
 742   21  743   36
 384 1011  390 1021
1554 1699 1564 1693
1072 1295 1075 1308
1396  760 1410  762
 236 1056  220 1056
 235 1316  249 1313
 271  391  272  407
 192  257  193  273
1740 1263 1746 1252
 836  175  845  183
 865  143  882  143
 307  338  314  348
 720 1443  720 1460
1055  452 1058  438
1376  882 1384  891
1063  200 1064  216
1267 1919 1272 1907
1156 1634 1171 1632
 843 1683  852 1691
1834 1194 1837 1208
 664  522  674  515
1502  412 1516  415
 911  213  928  213
 220 1073  220 1056
 898  198  909  204
1623 1717 1629 1706
1569 1669 1574 1681
1387 1506 1398 1512
  76  240   90  243
  47 1785   49 1800
 662  428  662  445
 748  150  749  134
1896 1398 1901 1410
1641 1486 1644 1500
 177  208  192  206
 866 1605  881 1603
1588  712 1603  714
1489 1625 1497 1616
 245 1541  247 1526
 669  574  674  586
 180  125  196  123
1687  176 1698  169
1393  679 1410  678
1167 1945 1181 1949
1283  227 1285  211
1509  377 1516  388
 526 1441  526 1423
1837 1630 1852 1627
1122  560 1129  549
 267  481  280  476
  68  909   83  906
 854 1058  856 1074
 716 1853  717 1870
1137 1823 1144 1812
 448   75  455   64
 286  213  295  222
 738  127  749  134
 663 1937  668 1950
 687  764  691  778
  25 1404   40 1401
  68  488   69  471
 731   60  731   78
 617 1715  621 1729
1266  306 1279  301
 283 1532  286 1547
 644  746  648  760
 232  991  242  983
1918  394 1920  410
  31  386   48  387
1034  507 1042  496
 889  102  891  119
1393  144 1396  160
 888  433  891  449
 278  227  284  240
 515  266  518  250
1062 1069 1072 1060
 451 1161  461 1170
1607  798 1613  811
 947  508  952  522
1568 1215 1576 1204
1938 1732 1941 1748
1730 1310 1733 1294
1358  256 1360  239
1497 1104 1511 1099
 623 1299  636 1293
1110 1293 1118 1282
  12  386   31  386
 452 1931  464 1938
1916 1121 1918 1138
1723 1488 1726 1472
 815 1406  832 1404
 830 1817  845 1813
 445 1010  451 1023
 886  184  894  195
1929 1816 1936 1804
1321 1886 1338 1884
 878   94  889  102
1536 1951 1555 1951
1376  182 1390  177
1445 1038 1448 1054
1155  644 1169  638
 194 1851  205 1860
 327 1072  337 1062
  13  631   30  634
1697 1850 1701 1834
 986 1694  999 1701
  96 1460  100 1444
 593 1610  599 1596
1881 1931 1897 1935
 137 1973  149 1981
1052  358 1068  354
1935  326 1948  333
 569   56  573   40
1572  708 1588  712
 266  846  282  842
 179 1876  191 1868
1020  995 1031  986
1357  190 1369  198
  37 1986   45 1998
1266 1893 1272 1907
 167  792  181  786
  92 1524  112 1524
 745  343  757  351
 866 1113  870 1129
1115  198 1132  195
1341  259 1358  256
1367 1148 1378 1157
1866  333 1886  333
1260  682 1270  672
 342  971  354  979
 829   19  845   23
 503 1886  515 1894
1398  624 1398  644
1950  407 1954  423
 657  583  674  586
 100 1444  120 1444
 174 1042  188 1036
1733  910 1752  911
1803  562 1811  550
 372  462  375  445
1628  825 1640  817
1452  792 1454  810
1219   38 1233   32
 191 1868  194 1851
  23  760   40  757
 377   99  379   81
 846  142  865  143
1342 1297 1360 1294
1163 1544 1173 1555
 637  582  657  583
 324  756  325  776
1912 1988 1932 1989
1103 1533 1111 1546
1360 1710 1379 1712
  24 1246   29 1262
1336  303 1339  321
 389 1562  393 1545
 993  735  997  752
   7 1750   23 1755
1679  626 1682  608
 648  760  665  764
1042  496 1062  495
1707 1771 1714 1757
1697 1850 1715 1847
1437 1092 1453 1087
 585 1041  598 1033
 318 1795  318 1816
 951  264  972  264
 219 1321  235 1316
 367 1535  373 1550
1397 1086 1411 1093
 344 1160  346 1141
1663  610 1682  608
1145  359 1156  349
1062  495 1081  493
 821 1829  830 1817
1326 1051 1338 1042
1740 1263 1754 1270
 308  567  318  578
 467  513  475  500
 369  247  390  247
  56  463   69  471
1695 1911 1712 1915
1997 1958 1997 1979
1254 1927 1267 1919
1871  133 1877  118
1598 1454 1611 1462
 416  545  431  539
1696 1488 1704 1475
 278  227  286  213
 665  764  687  764
 662  445  668  461
1387 1506 1392 1489
1449 1935 1459 1923
1097  967 1114  972
1462  396 1484  396
1805  359 1824  362
1264  945 1276  935
 530 1630  548 1634
 674  493  674  515
 827 1592  833 1608
1930 1447 1931 1426
  32 1908   53 1907
1126   24 1142   30
1997 1979 1999 1999
1121 1158 1138 1153
 542 1482  556 1490
 122  221  132  233
 241  907  254  898
1909 1605 1922 1596
 912  992  926  984
1013  238 1034  237
 691  945  694  964
 556 1490  575 1493
1458 1735 1475 1740
 515 1637  530 1630
1442 1612 1448 1628
1944 1480 1961 1475
1262   80 1278   74
 909 1220  920 1231
1357  520 1374  515
 217  413  232  420
1654 1531 1664 1519
1564 1693 1574 1681
 922  104  944  104
1020 1375 1022 1354
 831  447  836  465
 634 1781  635 1759
  60 1975   37 1975
1645  221 1660  229
1490 1369 1509 1365
 325  155  334  169
 846  142  850  123
 824 1165  831 1149
 145 1772  156 1784
1107 1360 1124 1354
 613 1697  636 1697
 239 1672  250 1684
 496  262  515  266
 878 1583  881 1603
 502 1409  511 1423
 133  445  152  449
1292  555 1296  536
1390  177 1396  160
 814   27  829   19
1481  341 1504  341
1894 1044 1910 1037
1728  928 1733  910
1306 1048 1326 1051
 973 1535  989 1542
 142 1425  147 1407
1254 1839 1269 1831
1766 1672 1772 1689
 185  840  192  824
 891  119  893  140
1676 1200 1686 1187
1413  319 1432  315
 780  326  784  307
1785  239 1803  234
1546  900 1561  908
 302 1194  309 1178
 361 1256  363 1277
1946 1727 1962 1734
 254 1172  256 1151
 979 1613  995 1606
1730 1310 1738 1325
1279  301 1297  306
 115 1771  124 1785
1360  239 1383  239
1369  198 1376  182
1103  673 1113  659
 659 1171  664 1152
1652  909 1654  931
 717  130  738  127
 759 1580  782 1581
 945  220  928  213
1644 1515 1664 1519
1037 1237 1059 1235
1154 1076 1165 1089
1020 1375 1040 1371
1234 1213 1238 1233
1799  430 1811  418
 709 1100  731 1102
1413  319 1418  300
1525 1577 1527 1599
 893 1365  904 1378
1560 1765 1571 1778
 249 1313  260 1326
 634 1171  652 1165
 921  371  944  370
 855  848  860  829
 694  964  699  983
1899  814 1915  806
1135  546 1155  550
 374 1080  385 1067
1143 1753 1152 1738
1171 1632 1171 1656
1590 1854 1606 1846
 229  492  247  486
1104 1339 1107 1360
1751  194 1751  218
1463  347 1481  341
 334  417  350  409
 502 1409  515 1398
 134   40  136   18
  60  248   76  240
 910 1775  933 1774
1224  571 1226  549
 280  476  304  476
 999  228 1013  238
1378 1157 1378 1181
 505 1933  510 1914
 713  476  725  488
 124 1785  125 1808
1269 1831 1286 1838
 766  710  778  722
1286 1018 1295 1003
 890 1389  904 1378
1663 1388 1677 1399
1725 1448 1726 1472
1234  310 1246  323
1832   30 1843   44
1784 1174 1806 1171
1980  454 1998  447
1278   74 1293   64
 408 1839  415 1857
 461 1170  471 1185
 102  228  115  216
 368 1558  389 1562
 688 1220  692 1241
1202  633 1211  649
 247  486  267  481
 881 1603  898 1611
1130  948 1134  927
1026 1443 1047 1439
  97  682  106  698
 188 1036  197 1052
1570  432 1587  424
 580  953  582  976
1949 1901 1961 1888
1966  928 1973  946
 578   39  588   24
1913  341 1927  330
1517  857 1542  857
1801 1070 1820 1064
 374 1140  390 1149
 624 1340  633 1324
 944  104  962   97
1070  102 1084  113
 625  200  635  215
 510 1914  515 1894
1260   84 1268  101
 588   24  607   30
 356 1147  374 1140
 428  270  445  262
 933 1774  957 1775
1059 1235 1061 1212
1454  810 1465  824
   5 1589    8 1611
 312 1596  318 1577
1807 1781 1820 1769
 918   52  925   70
 451 1023  459 1040
 203 1282  214 1268
1704 1475 1726 1472
1290 1398 1298 1381
1398  599 1398  624
 135  493  137  516
1145  359 1145  384
 740  257  755  268
 905 1242  920 1231
1714 1423 1721 1442
1413  184 1415  208
1242 1463 1250 1445
1877 1198 1897 1204
1435 1561 1446 1576
1224  468 1240  478
 952  418  974  422
1512  135 1518  115
1791 1285 1808 1294
1007 1450 1026 1443
 540 1253  551 1238
1538 1689 1554 1699
1035  574 1044  591
1229   54 1233   32
 841 1746  843 1722
1779  459 1791  473
 636 1293  658 1289
 841 1746  846 1767
 814   27  818   49
1173 1555 1185 1569
1509 1446 1528 1453
1354  219 1360  239
 818  434  831  447
1178   22 1202   20
 441  349  450  366
 421  824  432  809
 894 1035  899 1014
 551 1238  565 1250
1250 1445 1256 1425
1731 1614 1746 1603
1725  987 1737 1001
 809 1441  826 1432
 198  406  217  413
  67  782   79  796
1382 1114 1405 1117
 902 1064  902 1090
1125 1628 1134 1611
1118 1282 1122 1260
1394  855 1417  851
  90  243  102  228
 254 1172  279 1174
1099  735 1115  724
1840 1909 1853 1895
 811  414  818  434
1853 1895 1861 1876
1562  725 1572  708
  54  855   66  870
 611 1175  633 1180
1024  870 1033  852
1433 1722 1452 1730
 295  222  311  211
  23 1799   49 1800
 615 1443  623 1424
1516  388 1516  415
1338  566 1350  551
  92 1060  107 1048
 112 1096  124 1081
1292  144 1306  131
 939  392  944  370
1089  824 1108  816
1645  221 1654  203
1077 1904 1096 1912
1403 1923 1413 1940
1493  283 1517  286
 284  564  308  567
1509 1798 1520 1782
1868  157 1871  133
 895 1309  903 1328
1301 1070 1306 1048
1411 1093 1437 1092
 535  219  560  221
1137 1681 1138 1655
 197 1052  220 1056
 512  663  521  681
1954  423 1977  427
1676   56 1688   41
1453 1087 1459 1108
 914 1652  940 1654
 442  837  462  829
1113  659 1135  653
 602  205  625  200
1113  631 1113  659
 502  690  521  681
1904 1254 1904 1282
1853  664 1876  669
 855  848  867  864
 309 1178  335 1180
1962 1167 1969 1188
 450  366  470  358
 655 1841  663 1821
1900 1895 1924 1891
 878 1050  896 1040
1240  377 1249  358
1981 1849 1996 1836
1918  394 1924  372
 471 1586  497 1588
 590 1692  613 1697
 458 1108  485 1109
 380 1190  406 1192
1343 1721 1360 1710
 789 1433  809 1441
  83  906  104  913
 769   17  769   45
1121 1158 1131 1176
1441  468 1456  481
1509 1446 1510 1473
1295 1003 1308  988
1885 1868 1893 1848
1676   56 1695   65
1121  388 1145  384
 717   24  742   21
1402  498 1418  486
  25 1729   40 1742
1616 1689 1621 1666
  23 1755   25 1729
1629 1706 1645 1694
1980  602 1981  575
 594  490  597  515
 816  802  821  779
 371  967  379  987
 655  249  661  271
 580  953  595  940
 204 1762  228 1766
1619 1105 1647 1105
1117 1686 1128 1703
1384  698 1393  679
 379  987  384 1011
 408 1839  413 1815
1518  629 1530  646
 492  999  511  989
1781  981 1793  998
 738 1063  764 1066
1135  653 1155  644
1603  714 1624  706
1570  432 1572  459
 682 1164  695 1180
1911  687 1915  712
1003  597 1004  569
 620  751  644  746
1613  811 1628  825
 963 1170  976 1154
1695 1001 1705 1020
1892  706 1915  712
 335 1180  344 1160
 627  681  645  692
1608  944 1635  946
1197 1358 1212 1344
1820 1064 1839 1054
 354  979  371  967
 136  692  155  702
1650  626 1663  610
1087  986 1097  967
 587  919  595  940
 891 1531  919 1530
 952 1974  970 1985
  16   29   31   43
1811  418 1840  418
1511 1955 1536 1951
 904  538  904  567
1890 1822 1893 1848
 500 1307  526 1304
1442  339 1463  347
 674  615  674  586
1612 1127 1619 1105
1165    6 1178   22
1057 1119 1060 1145
1102  467 1130  468
 919 1530  932 1546
1268 1205 1272 1230
1833 1473 1835 1445
1405 1117 1411 1093
 205 1860  221 1846
1765 1330 1767 1302
 892  402  905  419
 867  526  887  516
 824 1460  848 1454
 659 1171  682 1164
1659  601 1671  583
1840 1909 1843 1936
 824 1460  826 1432
 349  766  355  742
 503  774  516  757
1616 1689 1629 1706
 933  251  947  267
1390  177 1413  184
1074 1877 1077 1904
 893  144  904  163
1805 1506 1815 1526
1573  850 1575  822
1694  972 1695 1001
1825 1769 1834 1790
1731 1162 1752 1171
1808 1294 1825 1307
1276   46 1278   74
1839 1054 1861 1046
 962   97  987   92
 784  307  787  280
 896 1040  902 1064
1523  552 1545  560
1033 1649 1052 1660
1153 1289 1158 1314
 301  658  306  683
 626 1397  653 1394
1483  425 1484  396
1282  202 1291  181
  27  607   30  634
1828 1317 1845 1330
1654  203 1684  203
1049 1689 1061 1707
 938  243  945  220
1599  774 1609  754
 103 1714  118 1729
1977  427 1980  454
1684  203 1687  176
1821  758 1842  749
1175 1761 1188 1778
 623 1424  626 1397
1307  676 1314  652
 881 1641  911 1642
1961  893 1985  900
1413  668 1438  674
 587 1853  604 1839
1800  659 1813  677
 742   21  769   17
1924 1891 1935 1871
1232    2 1233   32
 807 1106  808 1136
 107  517  137  516
1630  900 1652  909
1991  571 1993  542
1018 1404 1020 1375
 385 1067  400 1051
1033 1149 1060 1145
 186  231  192  206
1188 1778 1202 1795
1015  934 1034  946
 115 1771  145 1772
 386  114  403  128
 403  128  424  138
 306  683  315  705
1865  710 1892  706
 195 1099  212 1113
1055  452 1085  453
 888  433  905  419
 649 1241  672 1249
1520  295 1547  291
 168 1067  174 1042
1085  453 1102  467
 275  106  292   92
 821 1926  844 1934
1144 1812 1159 1796
1465  286 1486  296
1023 1220 1037 1237
1152  421 1171  409
1885 1868 1887 1897
1561  908 1579  921
 176 1759  204 1762
1861 1876 1885 1868
1065  129 1070  102
1341 1300 1341 1332
 955 1814  973 1800
 620  706  627  681
 885  894  894  871
1982  867 1996  849
 751 1556  759 1580
 127  857  149  867
 186  231  192  257
 957 1108  976 1095
1797  178 1827  176
1738 1325 1765 1330
 526  383  532  357
 822 1200  832 1222
1554 1858 1578 1850
1967 1243 1986 1230
 473 1933  505 1933
 854 1058  878 1050
 753 1331  755 1361
1698  169 1729  170
1106 1398 1111 1425
1877  118 1898  107
 140 1262  154 1244
 843 1722  864 1733
1285  758 1294  781
1354  219 1357  190
1152  421 1165  440
1371  753 1396  760
 822 1200  829 1175
  69  471   83  453
1236  308 1266  306
 410 1513  419 1536
 334 1923  353 1910
1568 1215 1591 1224
  23  673   55  673
1049 1689 1052 1660
1575 1445 1598 1454
 361 1256  379 1242
1072 1295 1073 1264
 575 1493  579 1521
 634  651  666  651
1599  774 1607  798
 984  706 1012  702
1483  425 1502  412
1268 1205 1270 1175
  49  896   68  909
1776 1562 1789 1543
1433 1722 1435 1753
1290 1356 1298 1381
1790  204 1797  178
 616  904  633  888
1171 1656 1177 1683
 526 1304  549 1314
1576 1204 1607 1206
 808  705  841  705
 232  264  247  282
1638  589 1659  601
1773  358 1805  359
 864   64  881   48
1553 1710 1577 1719
1128 1703 1155 1697
 108  550  136  555
1669  387 1686  403
1844  698 1865  710
  36 1871   63 1865
1920  410 1950  407
 247 1526  279 1527
1611  583 1638  589
1640  817 1640  850
 725  392  756  389
 633 1324  636 1293
 822 1791  830 1817
 515 1398  537 1386
  31   43   37   15
 354 1367  372 1383
 107  517  108  550
 286 1345  296 1321
1635  946 1654  931
 751 1556  777 1548
1061 1707 1080 1692
1191 1029 1211 1043
 445 1010  446  977
  45  302   73  296
1967 1566 1968 1533
 221 1173  254 1172
 341  241  369  247
 987 1869  987 1903
1286 1838 1292 1866
1253  760 1285  758
1194  464 1224  468
1449 1935 1482 1934
 280 1303  296 1321
1650 1878 1662 1900
 839  191  856  208
 421  824  442  837
 279 1174  309 1178
1479  748 1487  774
 867  864  894  871
 178  561  196  545
 440 1971  464 1981
1206  978 1233  985
1885  335 1913  341
1563  800 1575  822
1575 1445 1581 1417
1138 1655 1171 1656
1432  315 1442  339
1684  410 1690  438
 373 1721  391 1705
1833   87 1837  117
 976 1095  992 1077
1164 1605 1171 1632
1417  851 1420  882
 905  419  920  438
1830  936 1860  932
 666  651  696  655
1160  828 1175  809
 115  388  121  416
 188 1174  221 1173
1186  904 1211  913
1225 1667 1230 1696
1459 1108 1492 1109
1293   64 1312   49
1876  669 1878  637
 325  776  349  766
1231 1852 1251 1838
1692 1449 1725 1448
 826 1432  832 1404
  21 1680   31 1655
1752 1171 1784 1174
 737  199  755  182
1724  280 1732  253
1004  569 1022  552
 756  389  773  371
1225 1138 1235 1113
 352 1400  354 1367
1134 1611 1160 1602
1298 1645 1325 1637
1202   20 1219   38
 130  659  141  683
 801 1263  826 1273
1013 1958 1016 1990
 899 1014  912  992
1824  362 1827  394
1398  624 1426  631
 261 1026  270 1000
1179  811 1183  842
1924 1891 1949 1901
1013 1958 1028 1938
1108  816 1122  837
 987 1039 1021 1038
1527 1599 1540 1621
1346  663 1352  634
1131  895 1134  927
 393 1545  419 1536
 318  982  342  971
1258  556 1292  555
 889  102  922  104
1086  691 1103  673
1383  239 1403  254
1398 1512 1398 1547
1022  552 1035  574
1861 1046 1894 1044
 263 1033  296 1031
 638  303  669  299
 365  537  370  567
 138  122  173  122
1305  260 1338  263
 808 1136  831 1149
 453 1070  459 1040
 841 1616  866 1605
1294  781 1305  806
 894  943  913  926
1935  543 1953  561
1387 1369 1388 1404
 888   46  918   52
 492   84  527   83
1739  665 1746  636
1535 1513 1554 1530
1935  326 1944  299
  68  189  102  187
 118  306  127  279
 396 1295  408 1271
 950  704  984  706
 308  567  329  552
1239 1496 1242 1463
1645   99 1659  121
 587 1817  587 1853
1390 1663 1418 1655
1202  633 1212  607
1482 1654 1489 1625
 342  506  352  480
1870   89 1877  118
 757  351  773  371
 106  698  136  692
 515 1894  522 1865
 650 1076  664 1054
1211  649 1222  674
1791 1032 1793  998
 661  271  669  299
 174 1642  197 1655
 655 1841  656 1876
1805  947 1830  936
1577 1133 1579 1099
1982  867 1985  900
1418 1655 1445 1664
1462  729 1479  748
1530 1307 1531 1272
 731   60  743   36
 585 1041  586 1076
1757  338 1773  358
1647  305 1656  333
 305 1246  325 1263
1138 1153 1148 1126
1645  658 1650  626
1139  858 1163  871
 872 1513  891 1531
 627  681  634  651
 492   84  493  120
1187 1947 1205 1928
1096 1912 1130 1909
1732  253 1735  219
 999 1701 1019 1718
  58 1047   62 1014
 963 1170  983 1187
 638  303  650  328
1938  192 1954  213
1306  131 1336  138
 607 1472  615 1443
  49 1800   69 1817
 896 1798  910 1775
1452 1625 1489 1625
1152 1738 1174 1723
1061  602 1086  614
 695 1180  698 1214
1032 1185 1033 1149
1493  246 1493  283
 686  515  690  548
1827  394 1840  418
1827  394 1855  385
1238 1233 1272 1230
1135 1783 1159 1796
  62 1014   99 1014
 988  548 1004  569
1713 1595 1731 1614
1504  341 1529  329
1567  398 1570  432
 922  104  925   70
 522 1095  556 1098
1441 1410 1476 1408
1135 1783 1143 1753
 881 1603  881 1641
1883  998 1918  995
1542  857 1573  850
1246  323 1249  358
 999 1701 1008 1672
1169  638 1202  633
  54  855   60  823
 396 1295  402 1327
1484 1401 1490 1369
 633 1180  640 1211
1338 1042 1353 1019
1448 1054 1453 1087
1568  669 1571  634
 498 1343  500 1307
1733 1294 1740 1263
 181  786  208  775
 692  689  696  655
1774  312 1789  289
 271  391  305  387
1388 1404 1406 1424
 826 1273  851 1260
   3 1644    8 1611
 253  280  262  309
 984  706  993  735
1803  234 1822  215
1350  551 1357  520
1825 1604 1837 1630
 385  280  390  247
1602  976 1608  944
 703 1828  716 1853
 207 1984  240 1979
 731 1102  748 1123
 288  141  314  153
 668  461  674  493
 352  480  372  462
1291  181 1292  144
 387  879  418  872
 475  500  512  499
 230 1139  256 1151
1122  837 1139  858
1328 1240 1363 1236
1833   87 1870   89
 635  215  640  249
1726 1472 1760 1477
 887  516  904  538
 843 1683  843 1722
1948  333 1973  319
1406 1734 1433 1722
  48  387   57  357
 500  961  511  989
 748  150  756  181
1272 1230 1300 1219
 162  248  192  257
 234 1707  250 1684
1413  668 1398  644
 245  115  275  106
 886  184  904  163
 599  647  634  651
1712 1557 1713 1595
1878  637 1905  625
 999  228 1008  198
 879 1870  890 1898
 901   10  932   18
1480  142 1512  135
 249 1378  277 1389
 562  552  582  571
1174 1723 1175 1761
1226  549 1258  556
1695   65 1733   64
1636  251 1645  221
 393   13  397   48
1511 1955 1514 1919
1743 1782 1763 1763
1491  617 1518  629
1740  585 1767  597
 442  438  445  474
1106 1398 1107 1360
1089  824 1094  790
 939  392  952  418
1445 1664 1448 1628
 393   13  425   20
   3 1644   31 1655
 607   30  634   18
 611 1369  630 1348
1968 1533 1992 1517
 756  389  785  400
 699  983  732  990
 631 1134  634 1171
 442  438  472  448
 277 1389  300 1372
  52 1698   76 1682
1114  972 1130  948
1986 1230 1992 1264
1961  893 1966  928
1805 1506 1843 1508
1072 1295 1110 1293
1881 1931 1887 1897
1562 1366 1588 1380
1897 1204 1933 1200
 615   69  648   62
1707  730 1717  700
 950  704  953  667
 275  106  280  141
1232    2 1259   15
 151  624  171  644
1626  407 1628  369
1486 1516 1496 1546
1495  194 1518  177
 472  448  501  437
 720 1460  759 1461
1428  402 1462  396
 893 1365  920 1352
1403  795 1410  762
 105   27  136   18
1253  760 1254  721
1591 1224 1604 1251
 785  400  811  414
 597  515  618  534
1785  239 1790  204
 305 1246  323 1224
 390 1021  400 1051
 971 1488  974 1525
1442 1612 1446 1576
1914   71 1915   31
 286 1345  300 1372
 546  971  582  976
  47 1297   84 1301
1577 1133 1612 1127
 492   84  495   46
 887   37  901   10
 981 1435 1007 1450
 520 1820  536 1795
1767 1302 1791 1285
   4 1384   25 1404
 260 1326  296 1321
 957 1775  973 1800
 112 1524  140 1537
1752  911 1781  899
1270  672 1305  678
1122  560 1135  588
1435 1561 1458 1543
1518  629 1547  617
1547  617 1571  634
1906  104 1914   71
 102  187  102  228
1458 1543 1496 1546
1458  578 1494  573
 980 1376 1020 1375
 398  336  433  342
  32 1908   36 1871
  66  870   68  909
1133  893 1139  858
1156  349 1193  345
1454  810 1495  810
1875 1121 1916 1121
1504  341 1509  377
1418  486 1441  468
1618  644 1645  658
 692  689  724  680
1700  902 1733  910
1901 1410 1924 1428
 682 1164  706 1147
 903 1328  920 1352
 120 1444  142 1425
 532  357  552  336
 121  416  133  445
1413 1940 1449 1935
1451   55 1486   62
1953  561 1981  575
1296  536 1315  513
  49 1780   50 1739
 135  493  169  501
 944  370  979  377
  99 1014  113  986
 845  183  846  142
1475  520 1506  509
 904  163  932  149
1695 1001 1737 1001
 302  531  308  567
 484 1721  523 1724
 694  827  720  811
1041  314 1071  302
1063  200 1072  167
 462 1701  484 1721
1156 1022 1191 1029
1803  562 1803  604
1297  306 1336  303
1323  512 1357  520
 250 1684  278 1698
 444  653  464  675
 286 1345  326 1343
1175 1761 1199 1743
1308  988 1335  973
1117 1097 1118 1056
  48 1699   50 1739
  99 1014  107 1048
 527   83  538  114
1118 1282 1153 1289
1481  531 1489  565
1913  341 1924  372
 969  977  997  963
1329  353 1339  321
1632 1230 1649 1255
 580  704  620  706
 621 1729  642 1750
 232 1499  247 1526
 254  898  291  903
1456  191 1495  194
1336  303 1338  263
1164 1605 1197 1614
 635  215  676  214
 987   92 1026   89
 920 1231  929 1265
 464 1938  464 1981
1352  634 1385  644
1016  365 1016  408
1174 1723 1177 1683
1694 1052 1705 1020
1016  365 1052  358
1964  481 1980  454
1757  338 1774  312
1338 1042 1370 1053
1314  652 1346  663
1882 1737 1886 1776
1768   38 1773    0
 196  123  202   86
1850 1668 1852 1627
1080 1692 1117 1686
1802 1715 1815 1685
 325 1263  361 1256
1844  698 1853  664
1568  669 1572  708
 255 1623  289 1632
 987 1039  992 1077
1240 1605 1279 1601
 453 1070  458 1108
 558  156  593  164
1374  515 1401  499
 955 1452  981 1435
 725  488  731  525
 491  897  498  861
1031  986 1034  946
1609  488 1613  449
1682  608 1721  612
1176 1172 1209 1182
1059 1235 1073 1264
 638  474  668  461
1272 1230 1285 1260
 775 1767  794 1743
1952  257 1985  267
1899 1638 1909 1605
1908 1473 1944 1480
 634 1781  676 1780
1690  438 1717  454
1870  536 1887  510
 103 1714  137 1705
1895 1503 1908 1473
1789 1543 1815 1526
 588 1402  626 1397
1767  597 1803  604
 611 1369  626 1397
 334  827  357  806
 755  268  787  280
1376  882 1420  882
  40 1401   71 1388
 488 1377  498 1343
1211 1043 1247 1035
1145  384 1152  421
 885 1756  910 1775
 203  723  239  731
  84  720  106  698
 467 1546  471 1586
 971  191 1008  198
 955 1733  957 1775
1234  853 1267  864
1020  995 1021 1038
 587  919  616  904
1046  687 1086  691
1588 1380 1602 1350
 145 1772  176 1759
1023 1220 1032 1185
1525  322 1566  319
1571  579 1611  583
 666  651  674  615
1760  218 1790  204
  37  928   49  896
 135  652  171  644
1764   78 1768   38
 691  945  717  927
1932  445 1954  423
1142   30 1178   22
1081  493 1085  453
1917  147 1952  138
 212 1113  230 1139
1661 1497 1696 1488
1062 1005 1087  986
 104  913  135  900
 864 1733  885 1756
1581 1417 1588 1380
1487  774 1495  810
1662 1900 1695 1911
1086  614 1113  631
1518  177 1544  158
1729  170 1737  133
 176 1759  190 1728
1047 1439 1077 1454
 811  414  843  401
1065  129 1072  167
1545  560 1571  579
 115 1771  118 1729
   0    0   16   29
 355   51  397   48
1254  721 1260  682
1890 1822 1929 1816
1860  932 1892  919
 586  126  593  164
 909  666  953  667
 132  233  162  248
 574  465  594  490
1087 1635 1125 1628
 620  706  620  751
 932 1546  967 1536
1385 1872 1392 1834
1833 1473 1843 1508
 885  894  906  918
 523 1724  539 1695
1212 1344 1251 1338
1333 1756 1343 1721
1733   64 1764   78
 242  983  270 1000
  21 1680   48 1699
1210 1541 1231 1566
1222  674 1260  682
1729  170 1751  194
1762 1077 1801 1070
 468  920  491  897
 724  809  743  782
1160  828 1163  871
 431 1592  471 1586
1897 1204 1902 1245
1284 1497 1318 1509
 890 1898  898 1936
1647 1105 1666 1078
1952  257 1954  213
1975 1080 1998 1057
1037  178 1072  167
 574  538  597  515
1338 1884 1362 1906
 488 1377  502 1409
1563  800 1607  798
   0 1999   45 1998
1906  769 1915  806
  23  673   30  634
1156  742 1198  738
 425   20  466   15
1721  612 1740  585
1512  135 1542  151
1239 1496 1284 1497
  60  823   79  796
1603  714 1609  754
 731 1102  738 1063
 763  704  808  705
 634   18  673   10
 914  289  927  323
 699  368  721  393
1482 1934 1514 1919
 135  900  149  867
1018 1404 1026 1443
1491  617 1494  573
1591 1224 1632 1230
 192  257  232  264
1834 1194 1877 1198
1542  857 1546  900
1918  995 1942  972
 997  963 1015  934
1378 1157 1382 1114
 717  927  726  889
 663 1821  703 1828
1930 1447 1944 1480
1340  930 1372  945
 845 1813  846 1767
1855  369 1866  333
1497 1616 1527 1599
 607   30  615   69
1772 1689 1815 1685
 669  574  690  548
1707 1771 1743 1782
 375  445  399  422
1391 1777 1400 1739
 520 1820  522 1865
1489  565 1523  552
1464 1800 1509 1798
1436 1368 1441 1410
 812 1868  821 1829
1576 1663 1621 1666
 809 1355  825 1323
 809 1355  851 1349
 467 1546  513 1548
1117 1480 1155 1470
1957 1035 1981 1011
1791 1032 1801 1070
1379 1712 1400 1739
 980   51  987   92
 518  250  535  219
 466 1327  498 1343
 905  419  952  418
 212 1113  220 1073
1137 1823 1180 1828
1892  919 1908  951
1335  973 1340  930
 136  555  178  561
 557  432  605  432
 349  766  357  806
 500  961  545  964
1933 1200 1969 1188
 305  387  314  348
 390  247  419  228
 928  196  971  191
1259   15 1276   46
1008 1672 1033 1649
  11 1309   47 1297
1071  302 1094  277
  77 1194   98 1221
 757  351  780  326
1212  607 1224  571
 928 1590  932 1546
1231 1566 1240 1605
   8 1611   53 1614
1870  536 1887  568
1185 1569 1231 1566
 181  786  192  824
 904  567  918  602
 470  235  482  198
1781 1949 1782 1901
1012  702 1046  687
 979  377 1016  365
 999 1701  999 1750
1877  156 1917  147
 856 1074  866 1113
1914   71 1953   61
1487  774 1534  776
1063 1983 1090 1961
1131 1176 1176 1172
1721  612 1746  636
1062 1005 1069 1047
  11 1309   22 1271
1220 1798 1243 1772
1008  198 1037  178
1910 1037 1957 1035
1779  459 1799  430
  13  712   23  673
 522 1095  537 1061
 755 1361  800 1357
 929  732  950  704
1524 1210 1568 1215
1292 1866 1321 1886
1684  410 1731  408
 482  198  498  165
 387  879  391  924
1300 1219 1328 1240
1183 1828 1187 1873
 870 1425  894 1450
1085  453 1098  417
 422  770  432  809
 887  238  911  213
1973  319 1976  365
1406 1424 1441 1410
 616 1100  631 1134
 493  120  498  165
 794 1743  841 1746
 473  596  480  553
1413  184 1456  191
1944  299 1952  257
 473  596  482  637
1286 1018 1306 1048
 804   85  818   49
 680  863  694  827
1910 1037 1918  995
1160 1282 1191 1263
 713 1692  756 1685
 412  378  450  366
 843  401  892  402
1947  848 1996  849
  11 1440   25 1404
 303  525  304  476
 236 1056  263 1033
 582  976  620  988
1072 1060 1118 1056
1410 1123 1430 1153
1886 1776 1890 1822
 557  432  574  465
 107 1048  124 1081
1205 1928 1254 1927
 722  569  766  563
1031  986 1062 1005
 848 1454  894 1450
 780 1292  801 1263
 290 1453  338 1451
 706 1147  709 1100
 593  164  602  205
 133  445  135  493
1647 1105 1697 1105
1292 1601 1298 1645
 926  984  969  977
 302 1194  323 1224
 363 1277  396 1295
1806 1171 1834 1194
 127  279  132  233
1226 1806 1231 1852
 154 1244  155 1194
 457   59  495   46
 170  301  193  273
  27 1093   51 1120
 329  552  365  537
 970 1985 1016 1990
1572  459 1613  449
 419  228  428  270
 249  731  261  770
1665 1961 1686 1991
 997  752 1033  767
1522  467 1570  464
  17  325   45  302
  55  673   97  682
1677 1399 1704 1423
 997 1328 1022 1354
1919  239 1952  257
 379   81  397   48
 445  262  496  262
1889  434 1919  413
 898 1611  928 1590
 485 1109  522 1095
 825 1323  826 1273
1000  645 1003  597
 983 1187 1032 1185
 380 1190  390 1149
 418  872  421  824
 261 1475  290 1453
1398 1547 1435 1561
 344 1867  353 1910
1313  905 1340  930
1579  921 1608  944
 733 1391  755 1361
 556 1098  586 1076
 421  624  444  653
 568 1166  611 1175
 971  333  979  377
1621 1666 1644 1637
  40  757   67  782
1098  417 1121  388
 308  472  352  480
1169 1382 1197 1358
1640  850 1682  840
 445  262  470  235
 955 1452  971 1488
 326 1343  354 1367
1495 1187 1524 1210
1962 1167 1995 1148
1813  677 1844  698
1104 1339 1110 1293
1653 1817 1692 1830
  79  796  120  785
  30 1518   38 1474
1486 1516 1535 1513
 691  778  694  827
1970  688 1993  717
1815 1685 1850 1668
1403  795 1452  792
1318  503 1325  458
1197 1614 1240 1605
 651 1015  664 1054
 807 1700  843 1683
1842  749 1844  698
1609  488 1625  525
1485 1321 1490 1369
1266 1893 1292 1866
 521  681  561  668
 284   47  292   92
 801  520  817  557
1165  440 1193  465
 464  675  502  690
 366 1632  418 1633
 231 1849  268 1833
 337 1062  385 1067
 604 1839  655 1841
 988  796  997  752
 302 1957  326 1928
 769   45  818   49
 467  513  480  553
1534  776 1563  800
 232 1499  261 1475
 232  420  272  407
1833   87 1843   44
1719 1226 1746 1252
 481 1272  492 1230
 155 1194  188 1174
 457   59  466   15
 377  615  421  624
 690  548  722  569
1070  102 1078   57
 575 1493  607 1472
   2 1124   51 1120
 722  569  731  525
 663 1821  676 1780
1052  807 1089  824
 202 1929  203 1982
 921  371  927  323
 481 1272  500 1307
1148 1126 1165 1089
1290 1398 1332 1410
 658 1289  672 1249
1908  951 1918  995
   9   76   16   29
1611 1462 1641 1486
 539 1695  590 1692
 418 1633  431 1592
 374 1080  404 1104
 586 1076  616 1100
 605  432  651  424
1094  790 1141  783
1063  200 1115  198
 764 1066  782 1030
 282  842  311  867
 415 1857  462 1850
 947 1397  980 1376
  63 1865   69 1817
1493  246 1495  194
 120  785  167  792
1016 1990 1063 1983
1785  239 1789  289
1550 1002 1580 1026
 916 1718  955 1733
1363 1236 1402 1251
1111 1546 1163 1544
 355  742  371  704
 797 1370  815 1406
1754  766 1790  784
1666 1078 1694 1052
 444  653  482  637
1509 1365 1562 1366
 570  613  582  571
1554 1530 1582 1503
1461  479 1475  520
1305  606 1314  652
 561  668  580  704
1652  909 1700  902
1613  449 1626  407
1050 1555 1061 1599
1068  354 1071  302
  79  446  133  445
1520 1782 1571 1778
 642 1750  671 1724
1362 1906 1378 1867
  12  386   16  437
 387 1973  440 1971
1191 1263 1218 1291
 149 1981  203 1982
1528 1453 1575 1445
 444 1783  476 1806
1283  227 1305  260
 203 1282  219 1321
 472  448  475  500
1074 1877 1080 1828
1084  113 1123   97
  73  296  118  306
1090 1961 1096 1912
 370  567  377  615
1057 1119 1062 1069
 435  536  467  513
 914  289  947  267
1864 1995 1912 1988
1201  519 1226  549
1145  599 1155  644
1117 1097 1165 1089
1163  871 1186  904
1420  882 1437  921
 844 1934  898 1936
1141  783 1156  742
 616 1100  641 1069
1209 1182 1234 1213
 845   23  887   37
1154 1076 1156 1022
 503  774  545  788
 291  903  311  867
 818  226  856  208
 106 1998  137 1973
 782 1581  827 1592
 718  121  731   78
 870 1425  890 1389
1292 1601 1346 1599
1247 1035 1286 1018
  70 1977  106 1998
 315  705  371  704
1790  784 1821  758
 526 1441  542 1482
 196  123  245  115
1843 1508 1895 1503
 203  723  208  775
 478  354  532  357
1018  139 1065  129
 399  422  412  378
1899 1638 1929 1665
1086  691 1099  735
1251 1338 1290 1356
 832 1222  851 1260
 522 1095  531 1143
 447 1411  502 1409
1717  700 1739  665
 766  563  817  557
1022  552 1034  507
1628  369 1672  382
1832   30 1870   11
 890  505  891  449
 952  522  990  541
1942  972 1973  946
1967 1243 1969 1188
 399  191  419  228
 713 1314  753 1331
1516  415 1522  467
 620  988  651 1015
 404 1104  458 1108
1672 1578 1713 1595
 673   10  717   24
  76 1674  115 1655
 371  704  420  695
 419 1536  467 1546
 560  221  602  205
 284  240  341  241
1676 1200 1706 1228
 759 1461  789 1433
1852 1627 1899 1638
 124 1081  168 1067
1506  509 1522  467
 895 1309  948 1314
1391 1777 1392 1834
1800  659 1803  604
 717 1980  742 1947
  13  712   23  760
 476 1806  520 1820
 242  580  284  564
1156  349 1167  302
1353 1955 1362 1906
1362 1906 1403 1923
 462 1850  476 1806
1212 1344 1218 1291
 311  867  340  837
1961 1888 1981 1849
 523 1724  560 1746
 197 1655  239 1672
1555 1951 1580 1917
 390 1149  404 1104
1033  767 1052  807
 305  387  334  417
 831 1149  870 1129
 812 1868  868 1871
1577 1719 1581 1774
 378 1791  413 1815
 289 1632  312 1596
1485 1321 1530 1307
 185  840  216  868
1737 1001 1793  998
  76 1682  103 1714
1720    7 1773    0
1911  687 1970  688
1755 1601 1776 1562
1298 1645 1309 1694
  16  437   16  497
 561 1961  597 1985
 890  505  947  508
1209 1182 1225 1138
1379 1712 1390 1663
1714 1423 1772 1421
1370 1053 1397 1086
 451 1161  458 1108
 940 1262  948 1314
1827  176 1868  157
1332 1410 1360 1443
 947  508  979  479
1668  477 1690  438
 234  675  239  731
1882 1737 1938 1732
  15  496   68  488
 367 1535  373 1480
 408 1433  447 1411
 955 1733  999 1750
  11 1440   38 1474
 466   15  519    7
1777 1812 1807 1781
 311  211  314  153
 756 1685  781 1649
1111 1425 1117 1480
 217  413  227  362
1360 1294 1363 1236
1256 1425 1290 1398
 350  409  375  445
1061 1599 1087 1635
1763 1763 1807 1781
1332 1410 1388 1404
1080 1828 1137 1823
1725  987 1728  928
1183  842 1234  853
 756  389  757  450
 904 1378  947 1397
 286 1547  318 1577
 558  886  587  919
1708 1676 1766 1672
 177 1489  206 1456
1967 1566 1984 1612
1196  159 1234  134
1957 1035 1975 1080
1695 1911 1697 1850
 289 1632  319 1665
 147  341  170  301
 248 1229  254 1172
 371  967  391  924
 724  680  763  704
1344 1819 1392 1834
1177 1683 1225 1667
 420  695  464  675
1547  291 1552  232
 338 1451  373 1480
 579 1521  634 1530
1033  852 1052  807
1662 1900 1665 1961
 318 1795  378 1791
1233  985 1247 1035
 216  868  241  907
1628  369 1656  333
1947 1490 1968 1533
1024  870 1078  880
1645 1025 1705 1020
1510 1473 1535 1513
 228 1766  234 1707
 177 1489  232 1499
1654 1531 1672 1578
 526 1304  540 1253
1719  541 1740  585
1061 1707 1070 1763
 338 1451  352 1400
1487 1000 1550 1002
 239 1672  255 1623
1636  251 1647  305
 263 1826  318 1816
1372  945 1384  891
1580 1026 1645 1025
1834 1790 1886 1776
1665 1255 1676 1200
 756 1685  807 1700
  12  386   17  325
 151  624  206  613
1548 1624 1569 1669
1602 1350 1630 1312
 987 1903 1027 1929
1906  769 1915  712
1782 1901 1840 1909
1234  134 1268  101
1982 1783 1996 1836
1276  935 1313  905
 894  943  912  992
1429  100 1451   55
1268  101 1292  144
 497 1588  515 1637
 121 1364  181 1371
1599  774 1664  771
1026   89 1032   27
1897 1935 1912 1988
 462  829  498  861
  26 1918   37 1975
  30 1518   92 1524
1590 1854 1593 1919
 656 1876  663 1937
1630 1312 1645 1259
  92 1524   96 1460
 527   83  569   56
1216  211 1285  211
1701 1834 1707 1771
  16  497   39  543
 548 1634  593 1610
 873  626  918  602
 385  280  398  336
 121 1364  147 1407
 843  401  863  352
 169  501  229  492
1904 1282 1948 1308
 520 1820  587 1817
 239   22  284   47
1752  911 1760  849
 539 1695  548 1634
 989 1542  995 1606
1686 1187 1731 1162
 140 1537  163 1489
  85   78  105   27
 324   11  355   51
1802 1715 1807 1781
 816  802  860  829
1870  536 1935  543
 707 1519  720 1460
  34  151   68  189
1686 1991 1752 1997
1764   78 1828   86
 633  888  680  863
 680  863  726  889
1918 1138 1962 1167
 214 1268  248 1229
1755 1601 1825 1604
1811  550 1870  536
1645   99 1676   56
1617 1996 1686 1991
 391 1705  462 1701
1932 1989 1997 1979
 593  164  653  148
  27 1093   58 1047
 668 1950  742 1947
 318 1816  344 1867
 800  631  873  626
   9   76   85   78
  77 1194  155 1194
1642    6 1720    7
1393  144 1429  100
 516  757  521  681
   4 1384   11 1309
 894  871  944  839
1830  936 1843  866
1580   80 1645   99
 505 1933  561 1961
 134   40  138  122
 599 1596  685 1597
 782 1030  803  959
1931 1426 1996 1386
1953   61 1999    0
