1130
1877 1626 1876 1626
 390   52  391   52
 130  938  131  938
 386  308  386  307
 750  105  751  105
1583 1097 1583 1098
1743  875 1741  875
1766 1550 1767 1551
 769  288  771  287
1548 1298 1545 1298
1973 1057 1973 1054
 503  955  500  955
 109 1459  112 1460
  64  574   66  572
 804 1988  806 1990
  60  761   64  761
 294 1659  294 1655
 941 1986  941 1981
 143 1810  143 1816
1059 1002 1064 1001
1395 1840 1400 1839
1866  890 1866  884
  86 1379   89 1376
  59  755   60  761
 507  337  507  344
 650 1914  643 1914
1264 1276 1264 1269
 171  880  164  880
 625 1986  625 1978
1559 1625 1560 1632
1785 1615 1788 1610
1716  539 1708  539
1285  350 1280  347
1237  298 1237  290
 448   31  448   39
 996  827 1001  830
1560 1632 1565 1629
 654  718  654  710
1226 1272 1233 1270
 697 1424  702 1428
 771  287  772  279
 146  893  152  896
 352 1488  352 1479
1556  901 1557  910
1216 1193 1222 1197
 691 1428  697 1424
 697  551  697  561
1402  226 1409  229
  29  326   34  321
 321  478  321  488
1280  336 1280  347
1501 1234 1511 1235
 233  285  241  282
  83 1266   88 1272
 767  370  776  368
 456  843  456  854
 352 1479  363 1479
   9  615   15  620
 960  132  961  142
 389 1245  389 1234
1214 1914 1206 1911
 594  398  595  388
 740  104  750  105
1204 1041 1209 1047
 109 1459  109 1447
1113 1194 1115 1204
1598 1390 1599 1379
1458  466 1469  467
 634 1868  643 1871
1056  863 1044  863
 458   17  463   10
1902 1852 1902 1840
 479  960  492  960
1332 1298 1336 1307
 456  830  456  843
1068 1819 1078 1822
 498  348  507  344
 748  186  752  177
 542   23  552   26
 492  960  500  955
 163 1655  172 1651
 695  715  708  715
1222 1197 1228 1190
1495  897 1482  897
  44  785   35  781
 916 1906  916 1893
1665 1030 1673 1035
1117  633 1127  636
1651  727 1659  721
 500  888  509  893
1608  823 1594  823
 585  392  595  388
1064 1001 1074  997
  21  781   35  781
 532   19  542   23
1206 1944 1214 1938
1852   17 1863   13
1049 1616 1064 1616
1401 1114 1401 1129
 915 1094  926 1090
 456   46  448   39
1391 1829 1395 1840
 909 1103  915 1094
1752  515 1752  500
 283 1777  290 1769
 424 1686  428 1697
1006 1223 1006 1207
1577  824 1577  840
  70 1305   78 1297
 776  368  781  379
 489  973  492  960
 784   88  784  104
 744 1724  728 1724
1287 1625 1302 1626
1151  519 1160  512
1148  274 1150  260
1511 1252 1511 1235
 275   92  275  109
1120 1684 1124 1671
1673 1035 1690 1035
1160  512 1164  525
 449  466  451  481
 141 1912  158 1912
  74 1275   88 1272
1077  789 1094  789
 953 1872  966 1877
1840 1956 1858 1956
 996  807  996  789
1577  824 1594  823
 712 1197  716 1211
1659  721 1659  739
1082 1037 1064 1037
 967 1241  967 1223
1389  843 1394  830
 447 1946  449 1962
1027 1314 1044 1315
 764 1236  780 1238
  72 1040   78 1052
 898 1893  916 1893
 226  273  233  285
 279 1761  290 1769
1901  899 1912  907
 933 1997  941 1986
1268  729 1277  739
 405 1479  386 1479
  52  503   64  496
 377 1227  389 1234
 412  363  412  344
 503  955  514  963
 386  308  405  308
 417  315  405  308
1403 1315 1404 1297
1973 1057 1954 1057
 434 1966  449 1962
1469  467 1473  483
 996  807  996  827
1482  865 1494  857
 428 1697  408 1697
 732 1473  735 1456
1842  695 1851  706
 461  695  461  715
 358 1186  378 1186
1028 1728 1043 1733
1001  830 1020  829
 709  734  708  715
1040 1855 1020 1855
 449  181  464  176
 760  694  778  696
1325  412 1330  397
 916 1906  916 1927
 315 1655  294 1655
1277  290 1283  275
1855  532 1868  540
1185 1911 1206 1911
 339 1496  352 1488
 687  993  687 1014
1600 1733 1579 1733
 469  448  474  464
 957  114  960  132
 783 1502  762 1502
 120  566   99  566
 158 1960  170 1951
1633  537 1636  555
 960   31  978   28
1729 1253 1749 1255
1905 1908 1922 1903
1277  290 1281  308
  62  120   84  120
 931  308  951  310
1282 1153 1304 1153
 277 1623  294 1628
1927 1698 1927 1720
1047  176 1055  162
1013  243 1033  245
 599 1710  617 1706
1324 1146 1335 1135
1020 1817 1040 1819
 489  973  492  993
 505 1523  505 1500
 153 1992  174 1990
1345  727 1356  715
1880 1447 1882 1468
1196 1271 1196 1248
1729  934 1741  923
1304 1130 1304 1153
 994 1981 1007 1971
 797  114  784  104
1282  180 1289  164
 186 1049  204 1044
 751  277  772  279
  30  763   35  781
 386 1479  363 1479
 541  550  564  550
1619 1031 1638 1036
1616  544 1633  537
1214 1914 1214 1938
1986 1043 1973 1054
 300  897  303  918
 133  466  139  484
 448   31  458   17
1136  397 1137  420
1298 1571 1317 1566
1870  369 1884  359
 491  151  504  140
1913  163 1921  147
 552   26  570   33
 307   18  326   24
 367 1423  374 1405
1560 1632 1550 1647
1203 1513 1203 1488
1120 1684 1142 1687
1030 1280 1051 1276
 712 1014  687 1014
1074  997 1074  972
1225 1248 1226 1272
 363 1454  363 1479
1220  282 1237  290
1245  791 1220  791
 449 1962  474 1963
 935  977  941  957
   6  638    9  615
 349 1404  374 1405
 238 1677  255 1668
 474  939  479  960
1991 1189 1997 1169
1640   36 1644   14
1101 1366 1102 1341
 303  918  326  921
 386 1505  386 1479
  74 1275   78 1297
 861 1664  873 1650
1690 1062 1690 1035
1531  909 1557  910
 790 1590  790 1617
1310 1351 1331 1345
 582 1720  599 1710
 294 1628  294 1655
 621 1919  643 1914
 635 1233  647 1248
 989 1507  999 1524
1954 1720 1927 1720
 374 1405  389 1417
1820  328 1820  355
1324 1146 1304 1153
 449  466  474  464
   1 1639   18 1649
1863   13 1866   37
 735  692  760  694
 604  110  631  111
 324 1749  324 1777
1800  507 1817  518
1127  664 1127  636
1569  860 1577  840
1204 1041 1221 1030
1729  934 1736  955
 775 1784  747 1784
 102  938  130  938
1194 1960 1206 1944
1438 1712 1455 1723
 702 1428  702 1456
 292 1336  302 1318
1068 1819 1040 1819
 152  896  164  880
1049 1616 1051 1643
 978   28  999   36
  70 1305   70 1334
 492  993  497 1017
 391   52  407   39
 935  977  955  986
1225 1248 1196 1248
  77   66   84   88
1211 1169 1216 1193
 994 1952  994 1981
1137  809 1137  780
1280  336 1281  308
1521 1647 1550 1647
1791  355 1820  355
1741  110 1746  135
 424 1334  439 1349
 595  388  611  374
1382  812 1394  830
1919 1827 1902 1840
1716  539 1728  557
1026  789  996  789
 531  440  560  439
 290 1169  312 1177
 117  228  121  202
  39  826   39  856
1151  519 1153  547
 776  368  804  366
 408 1728  408 1697
 728 1755  728 1724
1443  295 1457  278
1684 1199 1689 1173
  20  348   29  326
1216 1691 1224 1668
 960 1505  989 1507
1534 1619 1559 1625
 635 1233  648 1215
 134 1888  141 1912
1247 1701 1252 1675
1226 1272 1227 1302
 978   28  987    6
1638 1036 1639 1066
  30  763   35  737
1220  823 1220  791
  63 1388   86 1379
 638 1499  651 1518
1482  865 1482  897
 722  175  752  177
1591  551 1616  544
 921 1723  927 1697
1545  840 1577  840
1637 1445 1655 1459
1000 1867 1020 1855
1233 1270 1264 1269
 777 1209  780 1238
 780 1568  790 1590
 784   88  814   86
1921  104 1948   99
 438 1923  447 1946
 126 1997  153 1992
 166  380  197  381
1575 1796 1579 1768
 760  694  761  725
1766   42 1784   56
1925 1054 1954 1057
  30  763   60  761
  84   88   84  120
 735 1456  702 1456
 637 1832  668 1830
1447  903 1454  929
1087  636 1117  633
1638 1036 1665 1030
 575  863  575  896
 428  715  461  715
 571  373  585  392
 373   36  390   52
1129 1441 1147 1456
1882 1501 1882 1468
 115 1975  126 1997
 708  766  709  734
1736  955 1764  960
 640  925  661  937
   5  856   39  856
 321  550  334  571
 370    5  373   36
 762 1468  762 1502
 131  972  131  938
1356  842 1389  843
 597 1507  611 1487
1434  337 1464  333
1117  434 1137  420
 484 1414  488 1444
 353  713  366  692
1545 1235 1511 1235
 784  104  751  105
1184 1395 1189 1424
 417  315  412  344
1919 1827 1940 1840
 459  991  492  993
 118  815  120  848
1178  387 1190  364
 363 1454  367 1423
  89 1376  112 1388
1366 1129 1401 1129
1404 1297 1436 1294
1224 1668 1252 1675
 825 1617  790 1617
 413 1865  414 1831
 563  192  572  166
1565 1629 1600 1629
1963  636 1977  615
1579 1768 1579 1733
 540 1500  505 1500
 444  436  449  466
 751   38  754   70
 669 1441  691 1428
  99  519  129  524
 882  395  904  408
 732 1473  762 1468
1954 1022 1954 1057
 944   12  960   31
1094  754 1094  789
1277 1585 1298 1571
  34 1454   62 1447
 326   24  343   42
  89 1376  103 1355
1422 1272 1436 1294
 971 1340  980 1367
  64  761   85  776
1064 1001 1064 1037
1777   85 1784   56
1164 1669 1173 1642
1592 1227 1617 1238
 509 1088  534 1099
 635 1766  649 1788
1916 1745 1927 1720
  75  338  107  334
1040 1855 1040 1819
 378 1150  378 1186
 746  385  767  370
 343   42  373   36
1110  972 1074  972
 693 1280  704 1305
1084   10 1110   21
1030 1086 1050 1069
1884  359 1914  366
1463   30 1464   66
1917  760 1919  725
 747 1821  747 1784
1027 1314 1030 1280
 153 1992  158 1960
1426  461 1458  466
 708 1487  702 1456
 974 1551  975 1587
1335 1135 1366 1129
1492  274 1524  268
 754   70  751  105
1166 1240 1196 1248
1269  810 1290  827
1043 1733 1070 1744
1454    1 1463   30
 138 1849  143 1816
1919 1999 1949 1991
1815 1477 1844 1468
 494  854  456  854
1136  397 1151  374
1919 1225 1925 1193
1844 1468 1882 1468
 978 1479  989 1507
1006 1223  967 1223
 918  179  956  180
1922 1903 1958 1906
 463  344  498  348
1289  164 1321  171
1078 1326 1102 1341
 677 1043  687 1014
1741  110 1742   72
 379 1537  386 1505
 406 1313  424 1334
1866 1324 1880 1349
 212 1690  238 1677
 107  334  120  360
1436 1294 1458 1311
 634 1868  637 1832
 914  330  931  308
1288 1334 1310 1351
1044  902 1044  863
 583  570  564  550
  66  572   99  566
1115 1204 1133 1225
1708  500 1708  539
 873 1650  893 1631
1457  278 1492  274
1716 1227 1729 1253
 611 1487  638 1499
1550 1686 1550 1647
1874  162 1913  163
1142 1687 1164 1669
 494  854  500  888
1609 1433 1637 1445
 766  325  769  288
  30 1334   70 1334
1285  350 1322  347
1151  374 1178  387
1177  780 1137  780
1277  290 1237  290
1931  510 1954  493
  30 1820   45 1845
1987  258 1989  220
1342 1480 1347 1515
 776  232  790  206
 553 1867  591 1865
1291 1252 1292 1212
 547  411  560  439
1473  483 1497  500
 155  187  166  157
1594  771 1635  771
 407   39  448   39
 514  963  549  969
1482  865 1483  825
 955 1426  957 1387
1320 1269 1332 1298
1698 1002 1690 1035
 564  509  564  550
 283 1777  324 1777
  72  848   39  856
1913  163 1928  189
 579  462  603  445
 316  109  275  109
 537 1348  567 1337
1383  204 1402  226
1076  535 1116  534
1447  903 1482  897
 848  285  875  270
 165  296  184  319
 219  101  241  121
 560  439  579  462
 261 1994  300 1991
 571  934  575  896
 120  566  123  605
 324 1749  366 1749
  34  279   34  321
 814   86  824   54
 377 1227  378 1186
1093 1699 1120 1684
1816 1704 1853 1709
1245  791 1269  810
 725 1142  756 1154
 751 1554  780 1568
 940 1361  957 1387
 697  561  714  587
 643 1871  643 1914
1921  104 1921  147
1141  578 1153  547
 721 1688  728 1724
   1 1639    6 1601
 956  180  961  142
1626 1098 1583 1098
1880 1349 1907 1333
 960  132  995  124
1771  467 1780  433
1147 1456 1158 1488
 134 1888  138 1849
 957 1387  980 1367
1321  171 1337  198
1331 1345 1336 1307
1519 1891 1559 1888
  11 1935   32 1957
1866  890 1901  899
1524  120 1560  128
 868 1391  896 1407
1291 1252 1264 1269
 966 1877 1000 1867
 654  718  695  715
1005 1105 1030 1086
 174 1990  210 1998
 583  570  622  565
 518 1469  505 1500
1934  989 1959  970
 632  889  640  925
1708  500 1752  500
1261  620 1294  632
1417  380 1455  387
1031 1461 1042 1427
 681  171  722  175
1158 1488 1203 1488
1736   27 1766   42
 724  259  751  277
1662  463 1687  443
1325  412 1333  449
 721 1688  743 1665
1626 1098 1639 1066
1884  857 1866  884
 389 1417  423 1428
1453 1004 1495 1007
 609  710  654  710
1044 1315 1078 1326
  39  826   44  785
 591 1865  634 1868
1682  293 1687  252
1291 1252 1320 1269
 405  262  405  308
 241  121  275  109
  98  896  102  938
1635  771 1654  798
1050 1069 1064 1037
 466  756  461  715
1697   20 1736   27
 981  229 1013  243
 766  325  767  370
1456  845 1482  865
 268 1305  302 1318
 251 1792  283 1777
 654 1688  672 1659
1281 1380 1318 1390
  99  519   99  566
 672 1978  625 1978
 436  803  456  830
  62 1447  109 1447
 385 1623  419 1610
1622  709 1651  727
1310 1351 1318 1390
1514 1384 1529 1352
 699  619  714  587
1583 1097 1591 1058
1102 1341 1148 1339
1884  857 1915  840
 786  769  811  792
1303   32 1317   66
 158 1960  158 1912
1742   72 1777   85
1703 1130 1714 1093
1741  923 1741  875
1133 1225 1166 1240
 728 1755  747 1784
1054 1207 1006 1207
 909 1176  933 1200
  72  848  120  848
 164  832  164  880
 602 1040  637 1027
1495  897 1531  909
 255 1668  294 1659
1915  840 1932  809
1767 1551 1813 1548
1853 1709 1876 1683
1645 1813 1675 1832
 667  636  699  619
 121  202  155  187
   6 1795   30 1820
1127  664 1146  694
1714 1093 1745 1075
1463   30 1510   28
1343 1003 1371  981
 661  937  710  936
 129  524  139  484
1290 1529 1298 1571
 215  791  247  773
 268 1447  298 1467
1948   99 1952   53
 537 1348  543 1304
1277 1585 1287 1625
 370 1837  414 1831
 735  692  708  715
 878 1439  896 1407
 439 1234  389 1234
1116  534 1151  519
  96 1876  134 1888
 316  109  362  105
 454 1461  488 1444
 558 1069  560 1020
1576  587 1591  551
  78  194  121  202
1026  789 1077  789
 390  226  405  262
 463  344  412  344
1175 1536 1203 1513
  98  896  146  893
1434  337 1443  295
 631 1181  648 1215
 304   66  307   18
 602 1792  649 1788
 342 1814  370 1837
1784   56 1817   74
1531 1476 1567 1491
 772  279  776  232
 185  711  212  735
 930  917  941  957
 974 1551  999 1524
1286  444 1333  449
1817  518 1855  532
1771  467 1752  500
1094  789 1137  780
1726 1376 1774 1380
1497  500 1519  530
 899  212  918  179
1337  198 1383  204
 311  600  334  571
1948   99 1986   85
 464  176  491  151
1491 1413 1514 1384
1594  771 1594  823
1209  865 1220  823
1678 1915 1696 1880
1934  989 1954 1022
 994 1981  941 1981
1887  596 1934  590
1367 1865 1395 1840
 304  150  316  109
1373  647 1401  622
1033  245 1070  229
 190  947  241  949
 300  897  322  866
 166  157  210  166
 245  194  272  220
 399 1941  447 1946
 942  588  961  553
1556  901 1569  860
1765  602 1781  564
  23  105   62  120
 113  432  133  466
1222 1197 1225 1248
1443 1142 1483 1128
1177  780 1220  791
1483 1128 1517 1148
 451  481  460  526
1598 1390 1609 1433
 534 1099  558 1069
1317 1566 1351 1586
1529 1098 1583 1098
1351 1586 1378 1559
 103 1355   70 1334
 215  791  220  841
1583  420 1635  423
1545 1235 1592 1227
 294 1659  299 1709
 533 1902  553 1867
1107 1254 1133 1225
 839  975  871  998
 304   66  316  109
 312 1177  358 1186
1800  507 1752  500
1958 1604 1977 1640
1308 1933 1333 1903
 654  718  656  771
1443 1142 1401 1129
 617 1706  654 1688
 342 1814  324 1777
 288 1222  290 1169
1538  430 1583  420
 210 1998  261 1994
 488 1444  518 1469
1690 1062 1714 1093
 747 1821  797 1827
1862 1824 1902 1840
 996 1152 1005 1105
 594  398  603  445
 637 1832  649 1788
1600 1629 1606 1579
 637 1027  677 1043
1550 1043 1591 1058
 476 1760  484 1808
1409  229 1451  215
1635  771 1659  739
 632  889  685  892
 544  813  593  806
 923 1843  916 1893
 474 1963  516 1948
 615  232  666  226
1745 1075 1770 1043
 656  771  660  824
  34  279   76  264
1689 1173 1703 1130
 933 1200  967 1223
 220 1893  275 1895
1876 1683 1876 1626
 549  969  571  934
1018  971 1074  972
1914  366 1946  341
1294  632 1317  666
1020  829 1044  863
1874 1212 1919 1225
  29  326   75  338
1710  848 1741  875
 589 1200  599 1152
 585 1254  589 1200
1808 1820 1862 1824
  64  496   99  519
1949 1991 1999 1999
1866   37 1887   74
1102 1486 1158 1488
1636  555 1665  584
 953 1872  916 1893
 374 1670  385 1623
1322  347 1330  397
1518 1521 1531 1476
1644   14 1697   20
1902 1852 1905 1908
 776  232  831  228
 212  735  215  791
1919  725 1923  669
 461  695  474  648
1684 1199 1716 1227
 120  848  164  832
 716  460  764  448
1810 1328 1866 1324
 381  488  321  488
1417  380 1434  337
1728  557 1781  564
 451 1090  509 1088
  62 1447   63 1388
 464  176  478  222
1781  564 1816  589
1617 1238 1641 1274
 292 1336  307 1381
1164 1669 1224 1668
1805  884 1866  884
 357 1960  399 1941
1687  252 1702  206
 362  105  382  146
1780  433 1835  427
 780 1238  804 1275
 589 1200  631 1181
 374 1670  408 1697
  30 1820   75 1804
1075 1164 1087 1115
1958 1906 1998 1927
 564  509  579  462
 324  307  386  307
1201 1854 1206 1911
 549  969  560 1020
1835  427 1885  439
 676 1339  704 1305
1774 1380 1793 1423
 856 1185  909 1176
 748  186  790  206
 438  898  456  854
1517 1148 1529 1098
1764 1456 1793 1423
1731  373 1740  320
 560 1020  602 1040
 931 1308  940 1361
 321  550  321  488
1674  368 1731  373
 815 1757  847 1727
 381  488  390  542
1483 1549 1518 1521
 751 1554  762 1502
 727 1618  743 1665
1036  624 1087  636
 516 1948  533 1902
1545 1235 1545 1298
 621 1919  625 1978
1933 1407 1952 1451
 716 1211  777 1209
 366 1749  408 1728
 210  166  245  194
1917  760 1932  809
1037   63 1083   81
 365 1350  374 1405
 540 1500  597 1507
 727 1618  790 1617
1704  695 1764  691
 575  896  632  889
1054 1207 1115 1204
 416 1061  451 1090
1887   74 1921  104
 423 1428  454 1461
1054 1207 1075 1164
1870  369 1820  355
 999   36 1037   63
 996 1152 1006 1207
1232 1605 1277 1585
 299 1709  324 1749
1973 1057 1981 1114
 307 1381  349 1404
 164  832  220  841
 797  114  831  145
  38 1756   55 1708
1488 1856 1519 1891
 298 1467  352 1479
 222  606  253  571
 289  644  311  600
 120  360  166  380
1876 1683 1927 1698
 439 1234  458 1281
   2 1145   55 1132
 650 1914  713 1918
 775 1784  815 1757
 654 1688  721 1688
1635  423 1662  463
1582    9 1644   14
1385 1364 1403 1315
1576  587 1604  626
 713 1918  733 1965
 670  481  716  460
 500  888  500  955
 996  925 1018  971
1538  430 1549  373
1078 1822 1117 1851
 426  628  474  648
 712 1197  725 1142
 949  497  961  553
 458 1281  485 1322
1934  590 1977  615
 949  497 1012  502
 461  695  526  692
1070 1744 1093 1699
1557  910 1586  949
 190  947  131  938
1138 1972 1194 1960
 865  611  908  636
 855 1086  915 1094
 761  725  786  769
1675 1832 1696 1880
1282 1153 1292 1212
1451  215 1457  278
 963  753  996  789
 985  392 1039  407
   0  701    6  638
1389  843 1456  845
1511  712 1525  767
1529 1352 1545 1298
 987 1053 1005 1105
 666  226  681  171
 378 1150  442 1156
 236 1267  268 1305
1713 1475 1764 1456
 393  998  398  933
   5  856   20  911
1817   74 1887   74
1925 1193 1991 1189
1559 1888 1587 1930
 469  448  531  440
1981 1114 1997 1169
1070 1744 1125 1760
1224 1668 1232 1605
 978 1479 1031 1461
1659  721 1704  695
1113 1926 1138 1972
1743  875 1805  884
   0  701   35  737
 996  925 1044  902
1290 1529 1347 1515
   6 1795   38 1756
1940 1840 1976 1805
1051 1276 1054 1207
 712 1014  766  996
 611  374  663  394
1764 1456 1815 1477
 648 1215  716 1211
 677 1043  694 1098
1254 1467 1203 1488
1083   81 1084   10
1616 1321 1641 1274
  76  264   78  194
1687  252 1751  244
1141  578 1127  636
1485 1787 1488 1856
1333 1903 1367 1865
1283  275 1351  271
1393   68 1464   66
1525  767 1594  771
1136  127 1166   84
 909 1103  909 1176
 824   54  883   40
1923  669 1963  636
 424 1334  485 1322
1813 1548 1815 1477
1998 1927 1999 1999
1331 1345 1385 1364
 393  998  459  991
 752  177  751  105
 804 1275  837 1315
   0 1999   32 1957
1439 1391 1491 1413
 210  166  219  101
 167 1431  109 1447
1286  897 1290  827
  75 1804  143 1810
 930  917  996  925
1147 1456 1189 1424
 222  606  236  666
 956  180  981  229
1160 1072 1209 1047
 831  228  848  285
1655 1459 1713 1475
1917 1571 1958 1604
1749 1255 1789 1220
 442 1156  451 1090
1599 1379 1616 1321
 365 1350  424 1334
 694 1098  725 1142
 184  319  197  381
 575  863  593  806
1868  540 1887  596
 476 1760  536 1775
 236  666  289  644
1317  666 1373  647
 458   17  532   19
1453 1004 1454  929
1128  206 1150  260
1047  176 1070  229
 955 1426  978 1479
1550 1686 1579 1733
  33  446   52  503
1880 1447 1952 1451
1346  930 1371  981
 485 1322  543 1304
 381  488  451  481
  77   66   88    0
 436  803  466  756
1633  537 1708  539
 900  767  963  753
 353  713  428  715
 220  841  280  824
 847 1727  861 1664
1068 1819 1070 1744
 642 1586  651 1518
1317   66 1393   68
1742 1700 1816 1704
 847 1727  921 1723
 647 1248  693 1280
1251  396 1280  347
1731  373 1791  355
1687  443 1708  500
 125 1119  201 1121
 617 1706  635 1766
 896 1407  955 1426
 113  432  120  360
1269  810 1277  739
 916 1927  941 1981
1113 1926 1117 1851
 172 1651  212 1690
 622  565  697  561
 165  296  233  285
1268  729 1345  727
1767 1551 1788 1610
  78  194   84  120
 201 1121  204 1044
1148  274 1220  282
1399 1671 1438 1712
 220 1893  158 1912
 746  385  764  448
1433  152 1451  215
 151 1224  162 1294
1070  229 1128  206
1290  827 1356  842
1884  359 1885  439
1385 1364 1439 1391
 875  270  899  212
1455  387 1458  466
1861  967 1866  890
1178  387 1251  396
 788  851  811  792
 908  636  942  588
 638 1499  708 1487
1764  691 1842  695
1085 1551 1102 1486
 971 1340 1027 1314
 536 1775  602 1792
 167 1431  181 1500
1931  510 1934  590
1356  715 1433  721
 413 1865  438 1923
  55 1132  125 1119
1674  368 1682  293
1319 1787 1341 1725
 280  824  322  866
 326  921  398  933
1789 1220 1811 1157
1698 1002 1736  955
1916 1745 1919 1827
 871  998  935  977
 593  806  660  824
 526  692  560  641
 519 1215  589 1200
1356  715 1373  647
 957  114  960   31
1083   81 1166   84
1235  932 1286  897
1064 1616 1085 1551
 667  636  654  710
  78 1297  162 1294
1408 1967 1495 1967
1575 1796 1645 1813
1337  198 1351  271
1255  501 1286  444
1446 1498 1483 1549
 572  166  604  110
1774 1380 1810 1328
 382  146  390  226
 904  408  914  330
   0    0   88    0
 300 1991  357 1960
1109  327 1151  374
1443  543 1519  530
1219  668 1261  620
1510   28 1582    9
 663  394  746  385
1653 1982 1678 1915
1148 1339 1184 1395
 563  192  615  232
 390  226  478  222
1524  268 1567  219
1928  189 1989  220
 419 1610  504 1617
 507  337  544  282
 571  373  507  344
1286  897 1346  930
1789 1220 1874 1212
1519  530 1591  551
1496  600 1576  587
1455 1723 1485 1787
 858  524  865  611
 875  270  931  308
 733 1965  804 1988
1858 1956 1905 1908
1146  694 1137  780
1877 1626 1917 1571
 139  484  215  504
  18 1649   55 1708
1933 1407 1990 1368
 204 1044  275 1069
 904  408  985  392
1012  502 1076  535
1051 1643 1093 1699
1560  128 1567  219
1718 1774 1742 1700
1986   85 1999    0
1214 1938 1308 1933
1485 1787 1575 1796
1495 1967 1519 1891
  10 1001   20  911
1567 1491 1609 1433
 181 1500  210 1572
  10 1001   72 1040
1675 1832 1718 1774
  32 1957  115 1975
 162 1294  236 1267
1785 1615 1876 1626
  55 1132   78 1052
  88    0  159   34
1510   28 1524  120
1852 1087 1925 1054
 197  381  263  422
1341 1725 1438 1712
1801  777 1805  884
1221 1030 1235  932
