1105
 748  607  748  606
1921 1171 1921 1172
 693  478  693  480
 192  463  192  461
  54 1594   54 1592
 617 1786  617 1784
1395  589 1395  587
1680 1564 1678 1564
 748  603  748  606
1266 1883 1269 1883
 612  409  615  409
1532   79 1532   82
 866 1194  870 1194
1910 1510 1910 1506
1508 1418 1509 1414
 885 1948  881 1949
 514 1726  518 1727
1934 1632 1928 1632
 400 1288  406 1288
  88  288   89  293
 697 1631  698 1626
 444  818  444  812
1169   82 1175   82
 449   71  450   66
1927  409 1927  415
 325  293  330  294
1006 1530 1009 1533
1829   81 1823   81
 763 1089  769 1089
1488  698 1493  697
1078 1507 1085 1507
1404 1058 1405 1064
 508  656  501  656
1770 1697 1777 1697
1686 1637 1691 1635
 613 1276  617 1279
1043 1607 1043 1614
1535 1709 1538 1714
   0    0    4    4
1956 1527 1963 1526
1372 1946 1378 1948
1346  257 1346  265
1138 1419 1144 1421
1763  825 1763  833
1457  176 1459  182
1396  580 1395  587
1313 1066 1304 1066
 614 1778  617 1784
1538 1714 1547 1714
1719  542 1721  549
1256 1573 1264 1575
  85 1379   94 1380
 496  474  486  474
  88  181   88  171
1090  122 1091  113
 189  470  192  463
1803 1944 1807 1951
 412 1239  417 1233
1304 1134 1307 1126
 406 1288  417 1288
  63 1945   72 1943
 450   66  461   66
1122  215 1133  215
1013  287 1015  278
1823   40 1833   41
1662 1928 1671 1930
 834  757  836  767
 918 1392  929 1391
 266 1230  272 1224
1390  723 1393  732
 524 1659  525 1648
 154 1786  142 1786
 425  159  432  164
 471   63  461   66
1809  596 1796  596
 498  711  501  721
 269 1845  256 1845
  89  159   88  171
 926  784  937  782
 133  936  120  936
 387  105  399  104
1665  958 1665  971
 141  425  133  420
 615  852  617  863
 748  607  754  614
1058  945 1072  945
1764 1007 1764 1021
 732 1882  736 1872
1928 1632 1928 1646
1445 1883 1446 1870
 764 1919  774 1915
 893 1271  899 1279
1121  404 1133  406
 959  940  961  928
1534 1696 1535 1709
1422  484 1427  475
1924  426 1927  415
1739 1664 1747 1670
 175 1363  184 1368
 781 1907  774 1915
1833 1405 1833 1390
1651 1932 1662 1928
1923 1461 1933 1466
1948 1466 1933 1466
 720 1603  705 1603
1337 1816 1340 1828
1014  816 1022  809
1253 1585 1256 1573
1228 1060 1235 1051
 622 1233  626 1245
 744 1911  732 1907
 124 1704  140 1704
1576  488 1585  481
  96  967  106  973
 413 1276  417 1288
1099 1831 1111 1835
 959  914  961  928
  38 1594   54 1594
  73  159   89  159
1747 1686 1747 1670
 959  894  943  894
1720 1025 1734 1022
 843  185  843  168
1200 1334 1215 1336
1515   82 1532   82
  60 1483   69 1475
 858  170  843  168
1483 1115 1484 1099
1721 1540 1721 1557
 729 1320  733 1307
   6  171   23  171
1711  729 1728  729
1304  361 1286  361
1003 1318  985 1318
 864 1451  879 1454
1689  245 1689  227
1493  679 1493  697
1905 1106 1920 1103
 877 1296  871 1308
1733 1994 1734 1977
 292  340  303  347
 607 1024  618 1016
1833 1405 1844 1413
 951 1101  960 1091
1311 1367 1311 1386
 496 1727  514 1726
1837  857 1837  838
1168  714 1181  708
1160  241 1167  229
 941  818  926  814
1132 1799 1149 1796
1332  271 1346  265
 491  669  491  689
 813 1214  813 1194
1734 1957 1734 1977
 584  757  584  777
 804 1308  810 1294
1556 1127 1560 1143
1309  623 1311  605
 928  855  943  850
 959  894  959  914
1867 1533 1867 1553
 161  425  141  425
 351 1413  331 1413
 303  347  304  366
1202  457 1209  470
1304 1134 1304 1154
1067 1933 1067 1953
1477  675 1493  679
1377  458 1388  449
1867 1533 1879 1541
1822  833 1837  838
 959  940  959  961
1535 1964 1547 1955
1587 1651 1592 1635
 521 1344  536 1350
1269 1773 1287 1776
  81  865   93  874
1457 1493 1463 1478
 391 1008  392 1028
 506 1091  518 1100
 272 1093  292 1092
1828 1188 1842 1181
 803 1125  807 1108
 122  917  120  936
 178 1560  180 1540
1783  155 1786  136
1271  837 1271  815
 217 1739  229 1749
 397  124  399  104
1286  325 1289  306
1149   20 1161   10
 699  642  714  635
1552  392 1552  370
1423 1924 1423 1946
 984 1700  986 1680
1599  730 1605  714
1393  732 1394  753
1171 1526 1187 1532
 792 1193  813 1194
1092 1092 1101 1079
 824   34  837   43
1064 1616 1043 1614
 194 1083  217 1083
 714 1871  736 1872
 236  434  243  418
 681 1791  695 1800
1528  492 1547  488
 491  669  501  656
1910 1510 1910 1533
1700  546 1719  542
 764 1989  784 1992
 406 1351  411 1370
 562 1784  586 1784
  88 1315   91 1294
1113 1921 1134 1918
1916  865 1919  844
1197  605 1211  615
1177  688 1181  708
 877 1296  870 1279
 139 1677  157 1671
 109  420  133  420
1149 1194 1168 1199
1950 1644 1928 1646
 433  799  444  812
1963 1526 1967 1506
1172  931 1196  931
1725 1380 1746 1377
1437  374 1413  374
 734   85  750   94
1393 1742 1411 1735
 992 1134 1008 1143
1144 1645 1153 1629
1261  361 1286  361
 769 1041  781 1028
1078 1007 1081 1029
1366 1548 1367 1572
1737  227 1745  210
 774 1940  774 1915
1912 1556 1910 1533
1498   74 1515   82
 732 1882  732 1907
  63  143   73  159
 506 1641  525 1648
 900  814  926  814
 869 1126  880 1111
1429 1970 1433 1992
1008  169 1021  156
1902 1646 1928 1646
1382  602 1395  589
 888  270  905  261
 695 1800  697 1776
1676 1955 1700 1953
1541  216 1559  224
 824   34  830   14
1948 1466 1954 1486
 803 1125  828 1124
 871 1334  871 1308
1078 1007 1057 1012
1759  985 1764 1007
  54 1565   54 1592
 793  105  777   94
1675 1588 1678 1564
 745 1098  763 1089
1462 1121 1483 1115
 969  248  971  273
 750   94  777   94
 175 1363  177 1338
1024  989 1028 1012
 341 1000  368 1000
1481  733 1504  729
1380  569 1396  580
 795  990  801  969
1012 1658 1018 1679
1310  677 1337  677
 267 1202  272 1224
1837  857 1852  870
1948  797 1954  819
 132  244  155  249
1717 1670 1739 1664
 486  734  501  721
  69  630   93  634
1109 1202 1122 1187
 640  165  647  144
1167  665 1142  662
  62 1374   85 1379
1015  278 1032  267
 140 1759  142 1733
 744 1911  764 1919
 998  762 1016  752
 139 1677  140 1704
 792  949  801  969
1555 1922 1581 1919
 400 1288  400 1317
 929 1391  953 1386
1532  111 1532   82
1290  434 1301  452
1928 1681 1950 1688
1576  488 1547  488
1095  855 1103  834
 748  603  765  591
 498  711  491  689
1556 1127 1556 1098
1245 1875 1266 1883
1531 1588 1538 1610
 141  396  141  425
1937 1185 1921 1172
1435 1500 1457 1493
 941  818  963  825
1721  549 1740  559
 120  889  126  866
1539  354 1552  370
1905  270 1910  294
 899 1279  870 1279
 881 1911  907 1908
 644  409  615  409
1028 1012 1057 1012
 140 1759  142 1786
1356 1309 1364 1288
1968  920 1974  897
 926  784  926  814
1963 1526 1987 1532
1611  784 1611  814
1429 1970 1423 1946
1570 1900 1581 1919
 698 1626  705 1603
1746 1377 1776 1377
 250 1085  272 1093
1066  353 1095  352
1057  982 1057 1012
 953 1386  982 1385
1077 1752 1094 1765
1168 1199 1187 1210
1283 1120 1307 1126
1641  814 1611  814
1671 1930 1676 1955
1990  288 1996  312
 120  889  122  917
 736 1872  755 1861
1915 1664 1928 1681
1427 1156 1442 1141
 424 1069  436 1051
 822  400  841  412
 215 1246  220 1272
 135  371  141  396
1735  314 1704  314
1257 1244 1257 1275
1609  427 1628  439
1008 1143 1028 1154
1915 1664 1928 1646
 617 1784  586 1784
1933 1435 1933 1466
 142 1733  140 1704
1367 1572 1388 1562
1864 1390 1833 1390
 518 1696  518 1727
1734 1022 1764 1021
1538 1610 1562 1603
 391 1008  368 1000
 267 1202  268 1172
1162  891 1182  902
1521 1947 1535 1964
1570 1900 1580 1878
1394  641 1426  641
 465  463  486  474
1225 1275 1257 1275
1766 1977 1734 1977
 133  936  147  954
1021  156 1052  157
 688 1654  697 1631
1524 1732 1538 1714
 970  621  987  606
 991 1614 1001 1636
1344 1386 1360 1370
1174 1340 1200 1334
1311  282 1332  271
 649 1791  681 1791
 351 1413  376 1420
 871 1334  876 1361
1134 1918 1158 1909
1082 1537 1085 1507
1264   41 1276   62
 986 1680 1018 1679
 834   73  837   43
1236 1412 1254 1397
 256 1878  256 1845
1245  741 1277  740
1526  697 1493  697
1344 1386 1311 1386
1167  665 1177  688
 368 1037  392 1028
1954 1486 1967 1506
 876 1361  881 1389
1743  747 1728  729
 857 1398  881 1389
1001 1636 1012 1658
 461 1218  469 1192
1667 1079 1672 1050
1445 1883 1456 1906
1287  990 1295 1016
 623 1108  635 1130
 972  407  977  378
1122 1187 1149 1194
 158 1626  191 1627
 874 1884  881 1911
1611 1300 1644 1299
1644 1299 1654 1275
1747 1686 1770 1697
1196  973 1213  990
1094 1765 1094 1799
1590 1098 1556 1098
 941  818  943  850
1108  662 1142  662
1641  814 1672  818
 927  143  947  128
1407  948 1410  980
1547  300 1571  289
1859 1907 1890 1911
 191 1627  202 1603
 262 1397  274 1420
1491 1896 1496 1866
 217 1083  250 1085
 630 1932  644 1953
1300 1931 1307 1903
1890 1911 1898 1884
 647  144  673  153
 707 1298  733 1307
 549  777  584  777
1175  144 1186  120
1832 1899 1859 1907
1426  641 1453  632
1129 1949 1134 1918
 832  799  836  767
1873  838 1837  838
 292  340  298  310
1728  693 1728  729
1086  815 1103  834
 969  248 1004  247
 978 1233  985 1262
1945  234 1977  238
 844  640  858  662
1072  945 1100  937
 593 1292  613 1276
1286  325 1286  361
 632  193  640  165
 441 1902  476 1903
1291  265 1311  282
1801 1021 1764 1021
1483 1115 1520 1115
 454  689  491  689
 399  104  407   75
1099 1831 1094 1799
 229 1749  246 1769
 120  676  154  673
1704  277 1704  314
1200  641 1211  615
 247  152  273  163
1580 1681 1587 1651
 617 1786  649 1791
 238 1221  266 1230
  93 1416   94 1380
 618 1016  649 1010
1015   48 1040   36
 226 1454  256 1447
 466  653  501  656
  42  118   66  104
1142  700 1142  662
 399  171  425  159
1132 1799 1094 1799
 612  371  612  409
1520 1077 1520 1115
1342 1154 1304 1154
 881 1911  881 1949
1700 1953 1734 1957
1057  982 1058  945
 662 1642  688 1654
  63  380   76  355
 412 1239  413 1276
1928 1681 1930 1717
 243 1626  244 1589
 843 1949  881 1949
1681  125 1687  158
1796  635 1796  596
1776 1338 1776 1377
  88 1625   94 1592
1130 1670 1144 1645
 622 1233  646 1218
 299 1406  331 1413
 274 1420  299 1406
 534 1611  571 1609
  55 1207   59 1172
 834   73  852   94
1845  474 1882  472
 704  606  714  635
1654 1275 1664 1246
1879 1541 1910 1533
1661 1006 1665  971
1187 1210 1206 1190
 506 1887  525 1907
1532   79 1546   54
 559  940  566  972
1466 1778 1493 1766
1172  931 1182  902
  94 1592   54 1592
1496 1866 1519 1849
1581 1919 1598 1942
 288 1590  325 1587
 325 1587  348 1604
1442 1141 1462 1121
1807 1951 1841 1957
1051 1528 1082 1537
1777 1657 1777 1697
 562 1154  582 1174
 881 1389  918 1392
 462 1159  469 1192
1842 1181 1844 1219
 461   26  461   66
1571  425 1609  427
1428 1848 1446 1870
 406 1351  400 1317
1567  905 1595  892
1547 1955 1555 1922
  93  874  126  866
 133  461  133  420
1140 1057 1151 1027
1823   40 1823   81
 581  719  584  757
 508  656  519  626
  66  269   88  288
1704  437 1706  398
   6 1120   31 1104
 777  136  777   94
1518 1181 1523 1218
1196  973 1196  931
 870 1237  870 1279
  63  143   66  104
 462 1159  495 1150
 615  451  615  409
1481  733 1488  698
  31 1104   51 1082
  23  218   55  228
1004  247 1015  278
 422  679  454  689
1165  625 1167  665
 913 1308  871 1308
 801  168  843  168
 516 1307  521 1344
1664 1246 1694 1234
 617 1279  626 1245
1254 1397 1285 1409
1447 1093 1462 1121
1585  481 1627  482
 331 1370  331 1413
 518 1696  524 1659
1228  815 1271  815
1301  452 1323  473
1009  326 1013  287
 620  691  643  711
  88  288  100  257
 237 1663  243 1626
 870 1237  870 1194
 800  310  834  319
 828 1124  869 1126
1085 1464 1085 1507
1289  306 1291  265
 921  105  927  143
1990   35 1999    0
1890 1911 1909 1936
1569  816 1611  814
1627  482 1628  439
1539 1340 1550 1307
1937 1185 1968 1172
1339  850 1368  865
1939  490 1967  506
 444 1317  400 1317
 298  310  325  293
  35  358   76  355
 589 1222  622 1233
 943  850  943  894
 704  606  748  606
 804 1308  818 1338
 929 1391  931 1349
 446 1130  462 1159
1519 1666 1534 1696
1427  475 1452  455
1133  406 1171  413
  80 1662   88 1625
 471  560  486  530
 224  760  242  733
 244 1589  288 1590
 256 1447  274 1420
 100  257  132  244
1116 1017 1151 1027
1427  475 1428  431
1456 1906 1491 1896
1347  405 1350  363
 563  692  581  719
 701   32  745   30
 525 1648  534 1611
1714  900 1717  857
 739  480  693  480
1129 1949 1139 1985
1955 1814 1977 1790
1122  215 1125  172
1972  197 1977  238
 168  495  189  470
1890  188 1925  177
1913  908 1916  865
 407   75  449   71
1413  328 1413  374
1539  439 1571  425
 157 1671  158 1626
 784 1992  828 1990
1547  534 1547  488
 476 1903  506 1887
1509  519 1528  492
 217 1083  232 1052
1441  587 1395  587
1201 1981 1247 1980
  23  218   23  171
1378 1948 1423 1946
1432  797 1436  840
 456  751  486  734
1689  245 1704  277
1081 1029 1116 1017
1009 1533 1051 1528
  25 1936   63 1945
 544  729  581  719
 215 1246  238 1221
 769 1041  769 1089
 597  822  615  852
 858  170  874  202
1133  263 1133  215
1869  282 1905  270
1737  227 1689  227
1393 1670 1433 1678
1713  971 1665  971
1167  229 1133  215
 692   91  734   85
1556 1127 1520 1115
1597  204 1601  248
1680 1564 1721 1557
1304  361 1350  363
1380  389 1413  374
 397  124  399  171
 586 1735  586 1784
1291  265 1303  228
 823 1915  774 1915
1000 1761 1030 1742
 348 1604  372 1629
1285 1409 1311 1386
1105 1247 1109 1202
 899  899  943  894
1186  120 1175   82
1457 1493 1487 1512
1446 1446 1463 1478
1347  405 1380  389
  92 1757  140 1759
1597  204 1616  173
 571 1609  577 1653
1247 1980 1278 1999
1433  545 1441  587
1521   29 1546   54
 108 1505  157 1506
 138  171   88  171
1502  370 1552  370
1382  602 1394  641
1133  263 1133  314
1735  314 1781  319
1269 1773 1269 1824
 501  721  544  729
 495  812  444  812
1423 1924 1456 1906
 106  973  120  936
 562 1154  566 1107
 907 1908  942 1924
1165  625 1200  641
1987 1287 1989 1336
1297  182 1303  228
1577   89 1532   82
  55  228   66  269
1552  392 1571  425
1873  838 1919  844
 781 1028  795  990
1599 1778 1601 1828
 991 1614 1043 1614
1956 1527 1910 1533
1470  275 1494  246
 866 1194  813 1194
 406  426  419  386
  25  957   25 1010
1284  142 1297  182
  55 1207   93 1192
 191 1627  243 1626
1151 1027 1189 1042
1245  741 1252  695
1967  972 1968  920
1246 1632 1253 1585
1493  679 1515  647
 705 1549  705 1603
 728  685  731  736
 615  451  633  487
 823 1915  843 1949
 542  285  581  300
 109 1114  160 1111
 374  952  368 1000
1375  175 1413  192
 582 1174  589 1222
 586 1735  641 1735
1189 1042 1235 1051
1661 1006 1672 1050
1616  173 1618  120
 804 1518  858 1517
1377 1002 1410  980
 518 1100  566 1107
1049 1990 1067 1953
1309  623 1310  677
 333 1744  334 1798
1040   36 1074   58
 777  136  801  168
 640 1525  678 1507
 201  913  205  861
1743 1738 1747 1686
  25 1393   62 1374
1285 1722 1287 1776
 828 1990  843 1949
 985 1262  985 1318
1413  192 1459  182
 486  530  486  474
1030 1742 1077 1752
1637 1483 1678 1499
 807 1108  769 1089
1968 1172 1984 1131
 157 1506  180 1540
1880 1479 1910 1506
1882  472 1898  513
1061 1711 1077 1752
 974 1505 1006 1530
1394  274 1346  265
 818 1338  871 1334
 972  407  974  462
1074   58 1115   74
1388  449 1428  431
 563  692  620  691
1976  350 1996  312
 739  480  740  537
 196  280  237  297
 566 1107  623 1108
1728  693 1780  687
1067 1933 1113 1921
1171 1271 1225 1275
1559  224 1597  204
 471   63  484  108
 597  822  584  777
1307 1903 1269 1883
1285 1722 1289 1668
1214   49 1264   41
 697 1776  733 1754
1269 1824 1269 1883
 990 1458 1026 1481
1672  818 1672  877
 133  461  192  461
 417 1233  461 1218
1079  632 1108  662
1822  833 1763  833
 743 1183  792 1193
1295 1016 1304 1066
1342 1251 1364 1288
 655 1870  714 1871
 963  825 1014  816
1154  475 1209  470
1410  980 1447 1003
1675 1588 1686 1637
   3 1315    4 1256
 857 1398  864 1451
1919  844 1954  819
 304 1989  352 1977
 566  972  613  959
 646 1218  672 1184
1713  971 1759  985
1363 1640 1393 1670
 879 1454  926 1467
1313 1066 1353 1087
1101 1079 1140 1057
 733 1754  782 1766
 584  206  632  193
1534 1696 1580 1681
1691 1635 1717 1670
 509 1393  521 1344
1827 1460 1833 1405
 705 1549  765 1548
1663 1678 1717 1670
 742  171  801  168
 968   63 1015   48
  73  159   23  171
 613  959  618 1016
 135  371  196  370
1599 1778 1637 1754
1154  475 1174  517
 792  949  829  924
1115   74 1169   82
1562 1603 1592 1635
 160 1111  194 1083
1539  354 1547  300
1337 1816 1382 1799
 574  472  615  451
 834  587  844  640
1307 1126 1304 1066
1016  752 1022  809
1598 1942 1651 1932
1977  238 1990  288
  72 1943   95 1983
 974 1505  990 1458
1091  113 1115   74
 147  954  168  996
 644 1953  697 1943
1863  415 1927  415
 201  913  253  925
1248 1162 1304 1154
1898  513 1939  490
 841  253  888  270
 484  108  524  132
 519  626  549  592
 714  635  728  685
1973 1385 1989 1336
 262  247  307  227
 407  302  467  297
1672  877 1714  900
1493 1766 1524 1732
1360 1370 1402 1393
1678 1499 1678 1564
1356 1309 1360 1370
1694 1234 1751 1243
1428  431 1437  374
1599  730 1611  784
 734   85  745   30
1139 1985 1201 1981
1236 1705 1285 1722
 633  487  693  480
 391  715  422  679
 178 1560  202 1603
1913  908 1968  920
1809  596 1828  548
 392 1028  436 1051
1832 1899 1841 1957
 936 1048  960 1091
  85 1379   88 1315
 452 1704  496 1727
 488  364  542  377
1453  632 1477  675
1278 1321 1257 1275
1766 1977 1807 1951
1925  177 1972  197
  93  874  104  817
1518 1181 1520 1115
1869  932 1913  908
1618  120 1681  125
1550 1307 1611 1300
1780  687 1796  635
1382 1799 1393 1742
 765 1548  804 1518
  44  826  104  817
1323  473 1377  458
  93  634  120  676
 869 1126  870 1194
 928 1620  991 1614
 678 1507  705 1549
1920 1103 1921 1171
  69 1475  108 1505
 461  234  467  297
1350   11 1371   59
1207 1780 1269 1773
1437  374 1502  370
 125 1906  145 1856
 939  346  977  378
 793  105  852   94
 841  253  843  185
 495 1150  506 1091
 256 1878  269 1935
1717  857 1763  833
1833 1390 1776 1377
1022  809 1086  815
1206 1190 1248 1162
 982 1385  985 1318
  88 1625  158 1626
 433  799  456  751
1571  289 1601  248
 697 1943  732 1907
1580 1878 1601 1828
 942 1924  947 1858
 236  434  192  461
1405 1064 1447 1093
1250  914 1196  931
1687  158 1689  227
1215 1336 1225 1275
 733 1307  804 1308
1827 1460 1880 1479
1189 1042 1189 1114
 228   55  261   16
 151 1440  157 1506
 461   26  521   14
 378 1535  446 1539
1959  570 1967  506
1713  971 1714  900
1363 1640 1367 1572
 858 1517  864 1451
1577   89 1618  120
1393 1670 1393 1742
 672 1184  743 1183
 205  861  256  840
 155  249  196  280
1264 1575 1309 1602
1422  484 1433  545
1214   49 1175   82
1890  188 1902  127
1052  157 1090  122
1842 1601 1867 1553
 303  347  364  335
 834  319  841  253
 145 1856  142 1786
 765  591  834  587
 441  605  466  653
 926 1467  990 1458
1311  605 1382  602
 951 1101  992 1134
1213  990 1287  990
 237  297  298  310
 740  537  748  603
1149 1796 1207 1780
1486 1362 1509 1414
 273  163  290  105
 237  297  262  247
1486 1362 1539 1340
1018 1679 1061 1711
1171  413 1202  457
 253  925  315  912
1353 1087 1405 1064
 600 1850  655 1870
 151  745  154  673
  76  355  135  371
1269 1824 1340 1828
  76  355   89  293
 441  605  471  560
1844 1705 1777 1697
1902  127 1908   58
1915 1290 1987 1287
1802  442 1845  474
1168 1199 1171 1271
1189 1042 1213  990
 505 1564  534 1611
 950  514  974  462
 237 1663  309 1659
1751 1152 1773 1098
 542  377  612  371
 586 1735  518 1727
1905  270 1945  234
1252  695 1310  677
1863  415 1882  472
 372 1629  431 1646
1095  352 1133  314
 364  335  407  302
1022  809 1029  879
1781  319 1811  366
 905  261  969  248
1439  117 1457  176
1394  274 1470  275
1232 1486 1236 1412
1628  439 1704  437
1125  172 1175  144
 804 1518  824 1576
1095  352 1121  404
1246 1632 1289 1668
1897 1763 1930 1717
1278 1321 1311 1367
 431 1646  452 1704
 852   94  921  105
 331 1370  411 1370
 643  711  663  771
 377  589  441  605
 280 1717  333 1744
 600 1850  586 1784
1161   10 1169   82
 496  474  574  472
 673  153  692   91
 880 1111  951 1101
1491 1896 1521 1947
 947 1858  999 1887
1271  837 1339  850
1277  740 1271  815
1085 1464 1086 1384
 142 1733  217 1739
  25  957   96  967
1394  753 1432  797
 731  736  791  714
 834  587  904  575
  93 1416  151 1440
1177  688 1252  695
1004  247 1008  169
 444 1317  516 1307
 832  799  900  814
 122  917  201  913
 985 1262 1050 1280
 601  107  647  144
1377 1002 1404 1058
 229 1749  280 1717
 424 1069  446 1130
 268 1172  272 1093
1436  840 1498  861
 977  378 1009  326
 446 1539  505 1564
 468 1783  496 1727
1515  647 1559  607
 806  862  829  924
1802  442 1811  366
 343  673  422  679
1801 1021 1866 1041
1297  182 1375  175
   3 1315   88 1315
1580 1681 1663 1678
1832 1899 1843 1824
 246 1769  256 1845
1390  723 1394  641
1773 1098 1764 1021
 549  592  595  552
 791  714  834  757
1300 1931 1372 1946
 685 1363  707 1298
1043 1607 1051 1528
 467  297  542  285
1095  855 1100  937
1086 1384 1138 1419
 151  745  224  760
 467  297  488  364
1050 1280 1105 1247
   0 1999   25 1936
1842 1181 1921 1172
1111 1835 1113 1921
 728  294  800  310
1276   62 1284  142
  31 1104  109 1114
 151 1440  226 1454
 697 1631  776 1641
 269 1935  304 1989
 288 1590  299 1511
  72 1943  125 1906
1446 1446 1508 1418
1933 1435 1973 1385
1291  532 1301  452
 501 1477  505 1564
 419  386  488  364
1567  905 1569  816
1751 1152 1751 1243
1187 1532 1232 1486
1632  333 1704  314
1828  548 1845  474
  42  736   44  826
1912 1556 1928 1632
1833   41 1908   58
1786  136 1823   81
1740  559 1796  596
1898 1884 1980 1895
1745  210 1783  155
 728  294  754  361
 822  400  834  319
  93 1192  109 1114
 334 1798  359 1867
 262  247  273  163
1590 1098 1667 1079
1526  697 1605  714
1153 1629 1246 1632
 290  105  387  105
 521   14  616   16
 618 1016  623 1108
 888 1701  984 1700
1701 1794 1743 1738
  25 1010   51 1082
  94 1380  175 1363
 613  959  691  939
1411 1735 1466 1778
 266 1230  297 1297
1844 1705 1930 1717
 611 1456  640 1525
  22  443   35  358
1276   62 1371   59
 315  912  374  952
1681  125 1729   73
 374    5  407   75
1866 1041 1905 1106
 208 1978  269 1935
 685 1363  717 1436
1908   58 1990   35
 888 1701  898 1796
1955 1814 1980 1895
 256  840  314  789
1364 1288 1454 1269
 950  514 1055  508
 904  575  970  621
 228   55  290  105
 224  760  256  840
1959  570 1963  680
 359 1867  441 1902
   8 1792   92 1757
 337  477  406  426
1980 1895 1999 1999
   4    4   42  118
