1079
 397 1568  397 1569
1073 1841 1073 1842
 476  396  476  394
1162  943 1160  943
   6 1461    7 1460
1865 1044 1865 1046
 704 1639  702 1639
1866  425 1864  425
1078 1077 1075 1077
 914  488  917  488
  69  253   72  253
1864 1349 1864 1346
 580 1635  582 1636
1398 1469 1395 1469
 865  874  865  878
1045 1808 1049 1808
1094 1434 1094 1430
1301  318 1306  318
1054  885 1056  888
1628 1926 1630 1929
 548 1823  550 1826
 904  354  904  349
 466  814  470  813
1928 1783 1932 1784
1120 1842 1125 1842
 362  757  362  763
 450 1779  444 1779
 426  823  432  823
1686 1852 1689 1855
1863  419 1866  416
1717  374 1713  377
1863  419 1864  425
1508  358 1503  356
1398 1469 1401 1473
1377  600 1377  593
1585  453 1585  446
1906 1133 1899 1133
 775  839  781  840
 799  239  802  235
 781  840  781  832
1446  599 1438  599
1262 1592 1267 1589
 223   58  223   66
1586  145 1593  146
1618 1569 1618 1577
1479 1735 1471 1735
1374   49 1374   57
 661  260  667  258
1694  886 1700  888
 710  830  710  839
  57 1742   58 1734
1957 1664 1962 1660
  55 1185   58 1179
1309  259 1309  269
 518 1083  508 1083
  78 1017   84 1013
 501 1044  508 1047
1433  114 1434  123
1785  316 1786  325
1669  181 1659  181
 184 1709  194 1709
 225  235  234  236
1000 1668 1010 1668
1015 1587 1019 1594
1165 1946 1168 1954
1503  323 1503  312
1402 1023 1413 1023
1618 1114 1628 1115
 358  350  366  347
1315  320 1306  318
 211  857  219  853
   7 1460    7 1448
 328 1788  335 1793
1386  597 1377  600
1954  782 1964  784
 917  878  925  882
1962 1660 1970 1656
1852  402 1854  412
1093  221 1094  210
1557  833 1562  825
 580 1106  581 1118
1891  416 1902  414
1891  416 1897  423
1075 1090 1075 1077
1908  838 1913  830
 221 1722  221 1709
 413  825  415  814
1956  435 1942  435
1606 1889 1620 1889
 641 1902  655 1902
1932 1346 1945 1345
 826  234  830  224
1723 1914 1737 1914
  73 1387   80 1394
  45 1323   56 1320
1662  123 1671  118
 119 1872  133 1871
1360 1842 1373 1840
 883   55  885   42
1106  347 1109  335
1528  582 1537  588
1503  323 1503  338
 939  695  950  699
1875  124 1860  124
 413  825  426  823
1809  608 1821  611
 226 1627  240 1628
 675  815  675  830
1695 1156 1695 1171
 179  588  183  576
 777  820  781  832
1762 1436 1773 1441
1015 1587 1025 1581
1854  412 1863  419
 240 1628  252 1624
1412 1677 1396 1677
1165 1946 1166 1931
1701  485 1697  497
1402  790 1408  800
1084  547 1094  541
1714 1719 1714 1735
1849  357 1864  358
1062 1896 1078 1896
1517  314 1503  312
1396  513 1396  530
1333 1027 1346 1031
1054  885 1054  868
1575  139 1586  145
 756 1634  764 1625
 463  486  468  474
1181 1107 1164 1107
1636 1828 1620 1829
1346 1031 1363 1031
1620 1846 1620 1829
1160 1002 1172  997
1891 1124 1899 1133
 708  227  725  227
1719 1391 1723 1404
1906 1133 1918 1128
 289 1290  290 1274
1503  338 1503  356
 777  820  778  803
1317 1253 1320 1268
1959 1768 1957 1784
1561 1558 1543 1558
1674 1186 1689 1183
 760  104  774  108
1302 1311 1320 1311
1891 1124 1897 1112
 847  832  865  832
1689 1183 1695 1171
 690  264  704  260
 201  271  212  278
 170 1525  170 1506
 760  104  763  120
 503 1807  503 1826
1609 1104 1618 1114
1680  558 1673  570
 314  267  317  251
1791 1052 1804 1046
 471  380  476  394
  55 1448   74 1448
1516 1327 1527 1319
1423  833 1408  829
1089 1448 1094 1434
1059  354 1059  335
 455 1811  459 1795
 755   89  760  104
 355 1793  335 1793
 530  502  542  510
1697  570 1716  569
1070 1105 1075 1090
1913  830 1920  817
 518 1083  531 1090
1668  464 1688  464
1248 1264 1263 1269
1397  613 1404  600
1401 1473 1401 1493
1719  684 1720  703
1386  597 1404  600
 370 1707  384 1700
 717  211  732  205
1387  829 1408  829
1977  435 1956  435
1221 1797 1238 1801
 146  478  124  478
 773  941  775  921
 745   77  755   89
 704  282  704  260
1920 1920 1934 1912
1930 1894 1934 1912
1957 1806 1957 1784
 432  823  444  813
1359 1049 1363 1031
1297 1015 1313 1021
 548 1823  560 1813
1119   12 1132    2
 546  626  556  613
1051  320 1059  335
1349 1062 1359 1049
 211  857  212  879
1419  489 1396  489
1686 1852 1686 1829
1561 1558 1576 1550
 466  814  444  813
1897  423 1907  436
1845  376 1849  357
1320 1268 1327 1284
 970 1039  947 1039
1809  446 1817  461
 367 1302  383 1295
   4  947   21  941
1932 1346 1909 1346
 482  240  499  246
1721  497 1697  497
 470  414  476  396
1674  646 1679  627
1396  513 1396  489
 185 1854  186 1831
1502 1215 1504 1193
1245  938 1264  933
1286  268 1309  269
1930 1894 1930 1870
1658 1201 1669 1214
1051  320 1027  320
 727 1887  746 1882
 512 1515  536 1515
1064 1717 1079 1708
1697  570 1673  570
1673  609 1679  627
 717  211  725  227
1198  600 1221  599
 354 1968  370 1976
1424 1501 1440 1493
1347  616 1349  593
 470  813  479  829
 802  235  826  234
1905 1870 1930 1870
 531 1090  538 1108
1932 1784 1957 1784
1661 1829 1686 1829
 450 1779  459 1795
 546  626  521  626
 310 1822  335 1822
1970 1656 1992 1653
1113  892 1129  901
1866  416 1891  416
1576 1550 1596 1545
 179   26  193   37
 128  457  124  478
 775  921  775  895
1604  991 1618 1003
1636 1828 1661 1829
 727 1887  701 1887
  25  749   41  739
1313 1021 1333 1027
1129  469 1153  471
1081 1529 1081 1555
 732  205  753  211
1147 1673 1163 1662
 524 1832  503 1826
 121  437  128  457
 194 1709  221 1709
 770  629  782  644
1160  297 1184  300
1377  566 1377  593
 223 1294  239 1305
1348 1758 1370 1753
1515 1353 1516 1327
 489 1794  503 1807
 297 1837  310 1822
1630 1929 1651 1936
1349  593 1377  593
 142 1506  170 1506
1376  539 1377  566
1166 1931 1187 1924
 844 1794  853 1813
1164 1135 1164 1107
1377  628 1377  600
1656  366 1679  361
 517 1115  538 1108
1015 1544 1032 1555
1819 1232 1844 1235
1396 1709 1415 1718
1648 1804 1648 1775
 657 1712  672 1698
 464  357  475  339
   1 1425    7 1448
 335 1822  335 1793
1589   39 1601   22
1408  800 1408  829
1412 1677 1413 1649
1764 1912 1737 1914
1944  939 1948  964
1809  446 1833  441
 357 1645  357 1674
1275 1297 1248 1295
 667  258  690  264
1301 1380 1314 1396
 714  315  741  313
1376  539 1396  530
1689 1803 1686 1829
 156 1018  184 1017
1151 1034 1158 1057
 242  920  245  893
 695 1662  702 1639
 205   78  223   66
   3 1544    4 1573
 418  775  444  779
1628 1115 1629 1086
1152  319 1160  297
1024  868 1054  868
1365  935 1385  945
1027  290 1027  320
1822 1861 1834 1843
 972  349  984  367
1128  440 1129  469
 634  491  639  466
1909 1562 1935 1558
 447  500  463  486
1480 1199 1504 1193
1644 1581 1618 1577
1094  541 1120  537
 464  357  471  380
1248 1264 1248 1295
 548  394  572  401
1424 1501 1401 1493
1717  374 1745  377
 109 1569  127 1556
 124  509  124  478
1854 1024 1865 1044
 459 1795  489 1794
1658 1201 1674 1186
1697 1409 1723 1404
 294  643  317  651
 412  188  433  178
1509  287 1503  312
1223  211 1247  204
1542 1999 1573 1998
 506 1855  503 1826
1396 1709 1396 1677
 345  742  362  757
 807  895  775  895
 524 1832  550 1826
1956  467 1956  435
1893 1890 1905 1870
 452  428  470  414
1471  356 1503  356
 746 1805  764 1819
 383 1295  399 1311
 372  305  386  287
 193   37  204   16
 183  876  212  879
1282  362 1306  370
1025 1581 1032 1555
1837  336 1849  357
1942  402 1942  435
1777  635 1798  647
1762  306 1785  316
1890  692 1901  670
1845  376 1852  402
 830 1585  846 1568
1618 1003 1634  986
1968 1012 1984  995
1596 1545 1629 1545
 745  637  770  629
1072 1327 1091 1341
 362  763  392  760
 950  699  954  670
1703 1533 1735 1534
1662  667 1674  646
1321  608 1347  616
 132 1239  145 1218
1899 1788 1928 1783
 582 1636  602 1650
 698  861  710  839
1327 1284 1320 1311
1701  485 1688  464
1697  531 1697  497
 444  779  444  813
 830 1585  843 1606
 670   15  701   18
 672 1814  700 1808
 420 1769  444 1779
 272  410  273  443
1190   98 1210   84
 349 1159  361 1181
 950  699  979  704
 159 1824  186 1831
1404  600 1438  599
 710  830  675  830
 468 1520  468 1555
 470  217  482  240
 269 1532  293 1543
1373 1500 1401 1493
 843 1606  847 1637
1618 1569 1629 1545
1860   68 1867   96
1867   96 1860  124
1688  427 1713  417
1962   40 1988   49
 981 1875  992 1899
 764 1819  767 1787
 858  409  861  377
1365 1342 1391 1333
1496 1533 1522 1523
1302 1094 1324 1080
 343  329  358  350
 508 1047  508 1083
1192  459 1200  431
 255  461  273  443
1467  312 1503  312
 847 1637  874 1628
1543 1594 1543 1558
1520  503 1525  472
 972  349 1002  343
1671  118 1700  125
 767 1787  801 1785
1636 1828 1648 1804
1907  436 1942  435
1971 1372 1989 1390
 521  662  521  626
 238  408  272  410
1781 1337 1809 1346
1360 1524 1373 1500
1688  427 1688  464
1204 1821 1216 1846
1824  123 1860  124
1301 1380 1326 1368
 870  346  904  349
1735 1534 1767 1529
 137 1000  156 1018
 708  227  704  260
  15 1330   45 1323
1932 1747 1932 1784
1567  168 1575  139
1032 1298 1061 1290
 499  246  503  212
 853 1131  856 1096
1899 1174 1907 1204
 199  751  229  743
 860 1500  863 1465
 778  803  792  779
 430 1555  468 1555
1747 1953 1774 1942
1610 1775 1648 1775
 820 1626  847 1637
  45 1323   48 1358
1652  332 1656  366
 764 1625  783 1606
1079 1708 1079 1746
 666 1875  655 1902
 700 1808  701 1845
1321  608 1323  644
 236 1454  250 1479
 824 1369  830 1402
 947 1078  947 1039
1860   68 1892   61
 178   66  205   78
1697  531 1697  570
1673  609 1673  570
 815  454  839  439
1522 1523 1547 1509
 405 1267  414 1237
 194 1748  194 1709
 245  893  275  903
1713  417 1713  377
1644 1581 1680 1577
1383  983 1385  945
1691 1311 1692 1272
1764 1912 1774 1942
 515  592  521  626
 861  377  870  346
1151 1034 1160 1002
1207 1295 1248 1295
 327  465  337  496
1274  239 1286  268
1204 1821 1221 1797
1471 1776 1471 1735
 355 1793  394 1791
1275 1297 1302 1311
 392  760  418  775
1322 1439 1347 1455
1629 1504 1629 1545
1875  124 1910  118
 116 1694  157 1694
1532  725 1561  737
 178   66  179   26
1238 1801 1256 1824
1413 1064 1413 1023
1899 1174 1899 1133
 735  919  775  921
1737 1872 1737 1914
 351 1086  357 1050
1864  708 1890  692
 157 1694  184 1709
 701 1845  701 1887
1012 1505 1015 1544
 221 1722  241 1744
 655 1944  655 1902
 865  874  865  832
1652 1737 1648 1775
1438  299 1467  312
 699 1537  702 1576
1324 1080 1349 1062
 599  483  634  491
1656  499 1697  497
1075  846 1054  868
 149 1921  179 1934
1125 1885 1125 1842
 704  282  714  315
1078 1939 1078 1896
 281   66  312   78
 366 1937  370 1976
1620 1846 1620 1889
1621  320 1652  332
 697  391  733  398
1719 1391 1747 1376
1153  471 1155  512
1210   84 1228  109
 538 1108  580 1106
 982 1694 1000 1668
 466  942  498  954
1970 1656 1977 1693
 262  587  280  613
1955  690 1989  700
1473 1995 1497 1975
1968 1012 1992 1032
1419  489 1443  469
 280  613  294  643
1842  730 1864  708
 121  437  147  419
 182 1474  170 1506
 107 1515  142 1506
 296 1217  300 1177
1864 1346 1909 1346
1019 1594 1034 1624
 910  711  939  695
1178 1795 1221 1797
1628 1926 1620 1889
 839   42  885   42
 312   78  327   47
1317 1253 1338 1228
1313 1910 1322 1947
 405  504  447  500
1438  553 1438  599
1909 1392 1909 1346
 397 1568  430 1555
 357 1674  370 1707
 477 1098  508 1083
 817  379  861  377
 959  120  972   87
1102  171 1139  180
 907  828  865  832
 124  509  132  547
1079 1746 1093 1778
 733  478  738  520
1363 1031 1402 1023
1136 1402 1167 1386
1487 1628 1497 1591
 666 1875  701 1887
  29 1761   57 1742
1640  217 1659  245
1632  446 1585  446
1679 1917 1723 1914
 218  943  242  920
1833  441 1864  425
1120 1842 1073 1842
1094  210 1102  171
 212  879  245  893
 461  984  466  942
 993 1988 1002 1950
1342  552 1376  539
1629 1504 1647 1475
1651 1936 1679 1917
  55 1448    7 1448
 505  554  515  592
1879 1082 1897 1112
 366  347  372  305
1256 1022 1297 1015
 128 1357  134 1399
 752 1678  756 1634
1256 1824 1303 1823
 394 1791  420 1769
 958  522  987  541
 960 1848  981 1875
 784 1361  824 1369
1313 1910 1336 1885
1061 1290 1072 1327
1002  343 1027  320
1908  838 1946  848
 771 1326  784 1361
1460  954 1474  920
 468 1520  512 1515
1136 1402 1157 1430
1093  221 1124  239
 853 1131  884 1149
1494  736 1532  725
1607  888 1620  924
1343  136 1374  154
 700 1808  746 1805
1395 1420 1395 1469
 924  537  958  522
 839  439  858  409
1497 1591 1543 1594
1032 1555 1081 1555
1479 1340 1515 1353
1723 1776 1714 1735
1457 1001 1460  954
 399 1311  405 1267
  74 1498  107 1515
1623  516 1656  499
1522 1913 1568 1909
1615 1640 1630 1675
1596  223 1640  217
1798  647 1809  608
1109  335 1059  335
1075  846 1124  845
1879 1082 1865 1046
1192  459 1212  489
1605 1954 1630 1929
 267  270  314  267
1679  361 1713  377
  74 1498   74 1448
  30  154   39  195
1854 1305 1864 1346
1818   78 1824  123
1153  471 1192  459
1314 1396 1322 1439
1395 1420 1428 1402
1861 1146 1899 1133
1687   28 1733   23
 414 1237  447 1219
  98 1660  116 1694
 222  117  223   66
1364  269 1392  293
1471 1776 1473 1826
 917  878  865  878
 134 1049  137 1000
1113 1048 1151 1034
1306  370 1306  318
 697  628  707  586
1502 1215 1517 1252
1692 1492 1703 1533
1392  293 1438  299
 801 1785  844 1794
1306  318 1309  269
1566  900 1607  888
1441 1355 1479 1340
1528  676 1532  725
 801 1785  815 1746
1945 1345 1971 1372
 130  283  138  238
 491  908  498  954
1413 1649 1435 1618
1547 1509 1543 1558
1147 1673 1159 1714
1095 1215 1118 1245
 439  731  444  779
 444 1726  444 1779
 674 1509  699 1537
 846 1568  878 1546
1558 1777 1610 1775
 412  989  461  984
 499  246  539  260
  41  739   44  790
1438  193 1473  212
1768 1735 1714 1735
1749 1171 1695 1171
  48 1358   73 1387
1632  446 1668  464
 362 1240  414 1237
1809 1346 1864 1346
1247  204 1252  154
1640  217 1659  181
1364  269 1309  269
 499 1903  506 1855
 917  488  924  537
 752 1678  807 1677
 212  278  225  235
1318   57 1374   57
 775  839  775  895
1602 1341 1623 1306
1691 1083 1696 1032
 107 1515  109 1569
 815   74  839   42
 475  339  516  324
1306  370 1335  397
1158 1057 1164 1107
 960 1848  993 1825
 136   12  179   26
1804 1046 1811 1096
 936  993  947 1039
 697  628  745  637
1457 1001 1505 1010
 704 1639  756 1634
 708 1336  721 1292
1049 1808 1073 1841
 883   55  933   62
 391 1360  399 1311
1212  260 1239  290
 764 1625  820 1626
1125 1154 1164 1135
 281   66  223   66
1056  888 1068  934
1568 1909 1606 1889
1125 1885 1078 1896
1884 1733 1911 1702
1163 1309 1207 1295
 758 1090  760 1146
1113  892 1124  845
1792  247 1794  191
1602 1341 1623 1378
 437 1633  477 1615
1659  245 1712  240
 943 1219  952 1269
1109  335 1152  319
 860 1500  917 1502
1383  983 1402 1023
  80 1394  134 1399
1109 1586 1081 1555
1160 1002 1160  943
 814  512  815  454
 672 1698  695 1662
  80 1394   74 1448
1212  260 1223  211
1988   49 1999    0
 405  241  412  188
1428 1402 1441 1355
1494 1392 1515 1353
 222  117  235  164
 830 1277  852 1239
1120  537 1155  512
1577  348 1602  383
 361 1181  362 1240
1081  269 1093  221
1971 1967 1999 1999
 884 1149  921 1126
1505 1010 1560 1016
 749 1744  767 1787
1549  421 1585  446
1662  123 1659  181
 992 1899 1002 1950
1939  201 1986  215
1804 1046 1865 1046
1749 1171 1766 1215
1303 1528 1360 1524
  58 1179  101 1161
 655 1944  706 1954
1689 1803 1723 1776
1055  411 1059  354
 503  212  556  203
1075 1015 1075 1077
1786  325 1837  336
1435 1618 1487 1628
 581 1118  616 1145
1247  204 1274  239
 452  428  468  474
  96  400  121  437
1885 1600 1909 1562
1116   75 1137  116
 418 1950  472 1942
 327   47  352   10
1347 1455 1395 1469
1977 1855 1930 1870
1647 1475 1692 1492
1884 1733 1932 1747
  10 1651   36 1615
1473  212 1475  151
 560 1813  581 1771
 312   78  315  138
 559 1468  605 1451
1167 1386 1222 1378
 391 1360  404 1410
1157 1430 1094 1430
 212  278  267  270
1783 1646 1843 1649
1798  647 1806  702
1132    2 1186   11
 290 1274  296 1217
1326 1368 1320 1311
 702 1576  702 1639
1806  702 1864  708
 315  138  363  154
 298  725  345  742
 412  989  422 1043
1078 1077 1113 1048
1440 1493 1479 1468
1632  804 1660  768
 860 1500  878 1546
  79 1896  119 1872
 933   62  972   87
 872  993  936  993
 775  839  710  839
 917 1502  946 1466
1252  154 1294  177
 239 1305  289 1290
1629 1086 1691 1083
1296 1986 1322 1947
 300 1177  361 1181
1184  300 1239  290
1396  424 1396  489
 386  287  405  241
 366 1937  418 1950
1326 1368 1365 1342
1181 1107 1228 1089
1137  116 1139  180
 472 1942  499 1903
 847  832  781  832
1116   75 1119   12
  47 1243   55 1185
 829  970  872  993
1615 1640 1618 1577
1457 1001 1413 1023
 384   88  441   97
 404 1898  418 1950
  84 1013  137 1000
 133 1871  149 1921
1435 1618 1443 1559
1336 1885 1360 1842
 633 1382  655 1427
1895  491 1907  436
1948  964 1984  995
1890  692 1955  690
 843  607  884  581
 430  889  432  823
 932 1412  946 1466
 617  840  675  830
1010 1668 1034 1624
1413 1198 1480 1199
 123  185  138  238
 972  349  904  349
 856 1096  887 1058
1159 1714 1204 1690
 433  178  479  155
1434  123 1475  151
1560 1016 1604  991
1920  817 1954  782
 477 1615  468 1555
1228  109 1252  154
1336 1885 1382 1908
 749 1744  752 1678
 993 1825 1045 1808
1440 1493 1443 1559
 872  993  887  939
1957 1806 1977 1855
 968 1612 1019 1594
1319  506 1342  552
1497 1975 1542 1999
 133 1871  185 1854
 262  587  329  584
 770  356  817  379
 536 1515  559 1468
1370 1753 1396 1709
 470  813  539  812
1766 1215 1819 1232
1737  178 1794  191
 521 1744  554 1707
1723 1404 1762 1436
1602  383 1656  366
 470  217  479  155
1669  181 1737  178
1137  116 1190   98
 741  313  770  356
  92 1819  159 1824
 357 1050  422 1043
 238  408  256  354
 250 1479  269 1532
 548  394  476  394
1372  695 1377  628
1413 1198 1441 1154
1415 1718 1471 1735
 234  236  235  164
 708 1336  771 1326
1623 1306 1691 1311
 116 1961  149 1921
 745   77  815   74
1747 1376 1781 1337
 182 1474  250 1479
 944  607  954  670
1129  901 1160  943
 943 1219  997 1200
 753  211  802  235
 921 1126  947 1078
 605 1451  655 1427
 607    4  670   15
1049 1808 1093 1778
1662  667 1719  684
 477 1615  500 1666
   4 1573   36 1615
1402  790 1414  728
 329  584  364  545
 411  666  442  622
 349 1159  351 1086
1372  695 1414  728
 588 1352  633 1382
 658  896  698  861
1911 1702 1977 1693
 649  325  714  315
1525  472 1549  421
 804 1519  860 1500
1360 1524 1364 1595
1221  599 1260  563
   2 1212   47 1243
 255  461  327  465
1620  924 1634  986
1516 1327 1517 1252
1303 1823 1360 1842
 337  496  364  545
 337  496  405  504
 546  626  602  646
1785  316 1792  247
1029 1419 1094 1430
1573 1998 1605 1954
 701   18  772   13
 979  704  990  769
1557  833 1566  900
 505  554  530  502
1528  676 1572  643
1691 1083 1695 1156
 352   10  414   25
1274 1144 1302 1094
 574 1563  580 1635
 733  398  770  356
  26  303   59  349
1152  319 1165  385
1228 1089 1302 1094
1508  358 1577  348
 588 1352  617 1302
1065  486 1084  547
 539  812  583  776
 430  889  491  908
1844 1235 1854 1305
 639  160  693  134
1536 1097 1609 1104
 733  398  733  478
 231 1379  236 1454
1593  146 1596  223
 132  547  183  576
 365  874  430  889
 422 1043  501 1044
  72  253  138  238
 745  637  758  705
1669 1214 1692 1272
 503 1807  521 1744
1702 1989 1747 1953
 176  353  256  354
1165  385 1200  431
1163 1309 1167 1386
1116  616 1159  654
 231 1379  239 1305
 312   78  384   88
  45 1323   47 1243
1986  215 1999  146
 363  154  412  188
1116  616 1120  537
 463  486  530  502
 130  283  201  271
 887  939  865  878
 442  622  521  626
1630 1675 1652 1737
 693  134  763  120
 884  581  924  537
 843  607  857  677
  24   70   77  101
1251  656 1323  644
 542  510  599  483
 179  588  262  587
1443  469 1525  472
 740 1219  803 1196
 294  643  298  725
 884  581  944  607
   3 1544    6 1461
1209  700 1251  656
 384 1700  444 1726
 536 1515  574 1563
1079 1708 1159 1714
1221  599 1251  656
1520  503 1528  582
1572 1414 1623 1378
1935 1558 1961 1497
 658  896  672  969
 229  743  298  725
 516  324  539  260
1773 1441 1841 1422
1125 1885 1166 1931
1720  703 1806  702
 226 1627  221 1709
1745  377 1762  306
1414  728 1494  736
 275  903  332  934
 121  902  183  876
 936  993 1015  984
1129  901 1193  877
  59  349   96  400
 602 1229  617 1302
1874  224 1939  201
  39  195   69  253
1027  184 1102  171
1692 1492 1697 1409
1162  943 1245  938
  47 1243  132 1239
1607  888 1694  886
1561  737 1562  825
1941  615 1955  690
1081 1529 1089 1448
1294  177 1343  136
  24   70   30  154
1942  402 1966  336
1370 1753 1373 1840
 671  701  758  705
1843 1649 1885 1600
 745   77  772   13
1374  154 1434  123
1562  825 1632  804
1759  993 1791 1052
1892   61 1962   40
 186 1831  194 1748
1015  984 1075 1015
1095 1215 1125 1154
1091 1341 1094 1430
1822 1861 1905 1870
 357 1645  437 1633
 132  547  133  638
1601   22 1687   28
1934 1912 1971 1967
1534   88 1575  139
 721 1292  740 1219
 322 1383  391 1360
1315 1666 1396 1677
 803 1196  852 1239
 332  934  365  874
 952 1269  969 1345
1944  939 1946  848
1954  782 1955  690
 760 1146  803 1196
1844 1235 1907 1204
   0    0   24   70
 915 1916  992 1899
1618 1003 1629 1086
 770  629  843  607
 213 1185  300 1177
1216 1846 1125 1842
1737 1872 1822 1861
 830 1402  863 1465
1267 1589 1303 1528
1124  845 1169  793
1374  154 1374   57
  10 1651   98 1660
 707  586  738  520
  58 1734  116 1694
 583  776  617  840
 262 1974  354 1968
1700  888 1752  842
 602 1229  616 1145
1794  191 1824  123
 917 1502 1012 1505
1793  924 1841  872
1941  615 1994  568
1841 1422 1858 1505
 753  211  763  120
1874  224 1875  124
1841  872 1908  838
 932 1412  969 1345
1768 1735 1783 1646
 830  224  923  213
  22 1111   58 1179
1534   88 1589   39
 184 1017  218  943
 391 1360  493 1367
1169  793 1269  781
  11  434  121  437
1244 1474 1303 1528
 441   97  519   58
  39  613  133  638
  39  613   41  739
  21  941   78 1017
 706 1954  808 1986
   0 1999  116 1961
