1108
 950  311  949  311
1395  408 1395  407
 392  866  392  865
 606  740  607  741
 689 1989  691 1989
 581 1580  579 1580
1033 1629 1034 1627
 701 1462  704 1462
1602  107 1602  110
  48 1501   51 1501
1629 1608 1632 1608
  48 1498   48 1501
1519 1036 1523 1036
 943 1412  943 1416
1415  191 1415  187
1128 1341 1132 1341
1077 1698 1079 1700
1906  210 1906  205
1787  938 1788  942
 286  456  286  451
1998  307 1993  307
1446 1060 1446 1065
  18   30   13   30
1737 1241 1737 1246
1600 1618 1605 1619
 554 1454  557 1457
 593 1847  593 1841
1473 1728 1476 1731
1132  821 1134  817
 794   98  797   94
1216 1425 1223 1425
 882 1522  888 1523
 702  923  702  916
1144 1522 1147 1517
 999  437 1005  435
 815 1380  823 1380
 244 1965  248 1969
  51 1509   51 1501
1490 1223 1496 1225
1502  130 1502  138
1496 1904 1496 1896
 344  865  337  866
 996 1929 1002 1932
1867  607 1874  605
1761  404 1768  406
 910  221  914  226
 944  315  949  311
1739 1158 1743 1153
1186  511 1186  502
1570 1609 1571 1617
 585 1094  591 1097
 416 1664  416 1673
 602  979  610  978
 250 1060  250 1069
1873  381 1876  387
 951  724  953  731
1014 1416 1024 1416
 517  500  507  500
1516 1738 1516 1728
1466 1098 1474 1100
 933  433  936  440
1431 1617 1439 1615
1879 1496 1880 1487
1750  523 1750  513
 258 1908  248 1908
1935  317 1935  307
1005  425 1005  435
1152 1341 1142 1341
1132 1341 1142 1341
 329  342  334  336
1789  513 1790  503
 620  858  620  869
1171  309 1175  316
 954  461  958  468
1250  819 1250  830
1991  242 1993  251
1181  367 1183  358
 641 1876  643 1867
 567 1781  578 1781
 999  448  999  437
 357  855  365  859
1382 1065 1390 1069
 715 1461  704 1462
  85 1598   94 1601
 299 1142  303 1150
1521  636 1522  625
 953  731  965  731
 128 1636  129 1647
1581 1994 1582 1983
 868  190  871  199
 954  461  954  448
1869 1499 1879 1496
 728  829  715  829
 409  214  418  210
 357  855  361  846
 337  879  337  866
 701  856  701  869
1033 1629 1020 1629
1794 1731 1803 1735
1610  711 1615  719
 580 1457  592 1458
 391 1854  399 1860
1596   11 1608    9
1617 1167 1631 1167
1825   89 1828   78
  88   68   88   82
 917 1213  921 1223
 248 1969  259 1972
 588 1777  578 1781
 938  963  941  974
1116  574 1116  559
1467 1474 1481 1473
 931  663  946  663
1963 1703 1963 1688
 742  916  734  923
1452  555 1467  555
 536 1317  527 1311
1924  826 1909  826
 355  451  365  456
 787  633  802  633
  75  555   85  550
 946  299  949  311
1104  519 1116  522
 807  230  819  227
1501 1487 1516 1487
1360 1474 1361 1459
 339 1827  355 1827
 319  348  329  342
1250  966 1259  973
1153 1943 1167 1945
1103  562 1116  559
1556  348 1559  361
 999 1417 1014 1416
 466  963  470  951
 966  348  950  348
1359 1045 1374 1044
1300  830 1304  842
1171  374 1181  367
1855  245 1864  237
 303 1150  318 1152
1021 1645 1020 1629
1180  491 1186  502
1614 1606 1629 1608
 592 1458  599 1468
1899 1826 1902 1811
1749  307 1749  289
 750 1773  751 1790
1669   66 1681   60
1910  190 1906  205
1718 1201 1737 1201
 715  864  701  869
 200 1885  215 1889
 275 1493  276 1511
1140  543 1153  537
 380 1862  391 1854
1681  806 1681  787
 718  635  733  631
 205 1694  211 1707
 968  747  965  731
 392  865  392  846
 804  543  819  547
 128 1636  147 1636
1909  780 1909  799
 962  437  954  448
1862    4 1862   23
1260  756 1241  756
 122 1660  129 1647
 732  302  751  303
 195 1711  211 1707
1556  348 1575  349
1565 1125 1570 1140
 607 1659  618 1668
1097  459 1104  446
 390 1787  390 1807
 794  317  799  302
1203 1432 1216 1425
1523 1036 1523 1016
  83 1767   83 1788
1899  267 1919  268
 734  944  734  923
1166 1074 1186 1073
 941  974  952  984
1561  138 1573  147
 283  396  299  391
 427 1807  443 1802
1961  136 1961  157
1731  255 1752  255
1873 1543 1879 1528
 796 1382  815 1380
 563 1220  585 1220
1053 1562 1064 1573
1605 1619 1614 1606
1132 1652 1143 1641
1239 1840 1242 1859
1086 1573 1064 1573
  12  468   34  468
  84 1658   84 1636
 722 1161  743 1160
  88   82  106   86
 328  756  328  734
1144 1522 1144 1544
1852 1956 1864 1946
1049  435 1071  435
 575 1837  593 1841
1740 1265 1737 1246
1123 1145 1125 1125
 594   15  603    2
 448  959  466  963
 344  865  357  855
1837 1651 1851 1642
1784 1893 1785 1915
 938  714  951  724
1020 1667 1021 1645
 488  217  489  195
   0 1999    3 1979
 344 1726  362 1731
 817  206  819  227
 917 1213  937 1210
1437  633 1455  638
 580 1457  557 1457
1777 1246 1789 1235
1432  685 1455  685
 336 1807  339 1827
 974  698  975  676
 512  158  489  158
 585 1196  585 1220
1198 1972 1211 1983
 314 1101  318 1121
 575 1813  575 1837
1418 1020 1436 1026
 968  747  990  749
1715  633 1735  629
1496 1225 1520 1225
1475  187 1494  182
 597  232  598  209
1831 1886 1831 1862
1516 1738 1522 1757
 368  734  387  740
1760 1892 1784 1893
  92  871  110  864
  85  550  108  552
1154  284 1175  288
1171  309 1175  288
1372  405 1395  407
 793  886  803  871
 293 1709  313 1704
1967 1972 1972 1992
1078  110 1087   94
1856 1425 1858 1402
 592 1012  601 1028
1797  289 1806  273
 418  210  422  189
1446  388 1453  407
 321 1818  336 1807
 730  966  734  944
1005  425 1012  406
 362 1731  382 1737
 241  999  243 1023
1132 1652 1136 1674
1874  605 1890  615
 303 1150  309 1170
 422  189  429  170
 632 1731  653 1736
1572    9 1596   11
1493  507 1467  507
1311 1866 1317 1886
 714  386  719  407
  51 1509   51 1535
 343 1253  346 1276
1592  920 1610  928
 110 1501  132 1505
  57 1788   83 1788
 803  194  817  206
1249  991 1250  966
 936  440  954  448
 527 1337  527 1311
1956 1842 1970 1830
1407 1207 1412 1228
1153  537 1180  537
 917 1213  918 1187
1909  826 1909  799
1108 1442 1117 1460
1198 1689 1199 1715
 536 1317  557 1311
1510 1883 1496 1896
1576  108 1602  107
1079  559 1103  562
1864  237 1872  256
  59  230   64  252
 794   98  767   98
 949  374  950  348
 797  850  803  871
 950  311  975  309
1823  790 1825  764
 142 1400  142 1372
 908 1889  915 1868
 767   70  767   98
 170 1372  142 1372
1651 1360 1668 1371
 818 1220  846 1220
1602  107 1606   83
 434  798  457  793
   2  724    8  747
1323  679 1342  689
1118 1012 1129 1030
1469 1793 1494 1789
1990  157 1961  157
1481 1957 1492 1939
 176 1563  205 1563
1374 1044 1382 1065
 946  299  962  286
1588  721 1615  719
  26 1636   27 1608
1630  612 1630  583
 473 1689  488 1675
 145  176  168  170
 910 1166  918 1187
1041  666 1065  672
  89  844   92  871
1411  997 1418 1020
1452 1361 1452 1331
1422 1331 1452 1331
1493 1016 1523 1016
1571 1617 1600 1618
 989  554 1012  547
1723  510 1750  513
 618 1598  631 1581
 421  845  392  846
1204 1585 1216 1567
 466  924  470  951
1037 1093 1050 1075
1148  382 1171  374
 802  633  822  622
 689  408  719  407
1162 1919 1167 1945
 361  846  392  846
1124  796 1134  817
1511 1255 1521 1276
 888 1175  910 1166
1843 1544 1873 1543
1625 1635 1629 1608
 791 1826  807 1811
1955  961 1972  975
1835 1110 1854 1122
 427  949  448  959
 318 1121  318 1152
 456 1080  462 1105
 467 1626  478 1646
 676 1468  701 1462
 736  497  760  504
1130 1419 1142 1399
1879 1496 1879 1528
1229 1464 1251 1474
 517  500  534  485
1800   27 1828   23
1911 1528 1879 1528
1444  498 1467  507
  44  413   63  426
 944  269  946  299
 702  923  734  923
 902  660  931  663
1602  676 1621  689
 704 1390  708 1362
1186  511 1180  537
1467 1022 1493 1016
1898 1698 1920 1688
1597  583 1630  583
 976   47  985   23
 346 1532  350 1561
1702  251 1731  255
1610  711 1621  689
1856  150 1888  149
 681  882  701  869
 399 1860  418 1846
1768  406 1791  396
 355  451  361  424
 485 1944  495 1967
1851 1642 1858 1616
 466  924  499  923
 310  670  344  670
 850   63  874   53
1838 1936 1852 1956
1481 1473 1501 1487
1960  616 1993  615
1839  867 1861  855
1972 1992 1999 1999
1204  301 1225  314
 787  280  799  302
1554 1033 1523 1036
1064 1607 1064 1573
1828   23 1862   23
1117 1460 1140 1471
 352 1152  318 1152
1875  170 1888  149
 952  984  974  996
1659 1456 1665 1484
1856 1425 1886 1421
 365  456  392  464
 976   47 1002   56
1381  188 1415  187
1758  694 1786  687
1184 1668 1198 1689
1668 1371 1675 1399
 715  864  715  829
1065  672 1082  690
1330 1029 1344 1008
1436 1026 1467 1022
 917 1083  934 1065
 998 1724 1032 1725
1041  666 1053  643
1083  280 1094  304
 554 1454  557 1422
1523  981 1523 1016
 499 1879  527 1872
 643 1867  652 1841
1522  625 1555  623
 803  871  837  870
 575 1813  578 1781
1493 1016 1493 1052
1733 1127 1743 1153
 645 1372  659 1350
1819 1919 1838 1936
 878  648  902  660
 539 1837  575 1837
 658  869  681  882
  58   59   62   27
 310 1069  314 1101
1183  598 1208  609
1662 1272 1684 1258
 877 1150  888 1175
1648 1431 1659 1456
1071  399 1071  435
 563 1108  585 1094
1064  298 1094  304
  16 1510   51 1509
 380 1673  416 1673
 114  132  127  155
1678   26 1681   60
 950  311  950  348
1578 1209 1579 1173
 537 1487  557 1504
 344  707  344  670
 377  554  385  583
 427 1807  390 1807
1116  522 1116  559
1606   83 1615   55
1749  289 1752  255
1909  484 1911  449
 489  195  489  158
1388  921 1394  952
 203  702  219  681
 962  437  999  437
 658  869  620  869
 343 1253  369 1241
1785 1915 1819 1919
1872  256 1899  267
 946  603  962  625
1137  316 1175  316
1687 1194 1718 1201
 848  606  880  599
1113 1586 1137 1601
1556  348 1564  317
1789  513 1750  513
  85 1598   84 1636
1603  962 1637  957
 478 1646  488 1675
  58   59   88   68
 642 1074  679 1072
1795 1859 1831 1862
1598 1510 1624 1497
 127  155  145  176
1681  806 1719  805
1079 1700 1106 1688
 967   77  976   47
1492 1939 1496 1904
 868  314  886  335
1511 1255 1520 1225
1737 1241 1737 1201
1568  489 1593  474
1444  873 1471  886
 368  734  328  734
 556 1722  578 1740
 319  174  323  210
1777 1246 1737 1246
  84 1658  122 1660
1641  787 1681  787
 362 1731  367 1766
1140  543 1116  559
 812  372  842  382
1086 1573 1113 1586
1435  578 1452  555
1874  605 1878  569
1658 1180 1631 1167
1064  298 1074  329
 929 1840  970 1840
1227  502 1186  502
 708 1362  719 1332
1171  309 1204  301
 578 1740  578 1781
 616  281  636  302
 965  785  968  747
1082  690 1088  725
 959 1726  998 1724
1603  962 1610  928
 410 1600  428 1577
1086 1573 1097 1543
1241  714 1241  756
1573  147 1576  108
 276 1511  308 1521
 915 1868  929 1840
 822  622  848  606
 915  990  941  974
1183 1410 1203 1432
 461  232  488  217
 974  698  965  731
1570 1140 1579 1173
 635 1039  642 1074
1909  484 1946  489
 929 1483  951 1463
1357  234 1380  253
 975  676  946  663
1571 1617 1578 1652
1658 1180 1687 1194
   0    0   13   30
  13   73   13   30
 344  707  328  734
 592 1012  602  979
 364  605  385  583
1902 1811 1909 1775
1879  438 1911  449
1457  326 1485  341
1920 1688 1963 1688
1196 1544 1216 1567
1473 1728 1516 1728
1106 1688 1136 1674
 965  785  979  815
 286  758  328  756
1579 1173 1617 1167
1436 1026 1446 1060
 243 1023  250 1060
1049  435 1005  435
 271  810  289  836
1885  760 1909  780
1104  446 1071  435
 559   24  594   15
 367 1766  390 1787
1933  119 1961  136
1326  333 1357  319
1078  110 1103  130
1819 1919 1831 1886
1739 1158 1737 1201
 920 1594  922 1551
 263 1724  293 1709
1330 1029 1359 1045
1550  714 1588  721
1229 1464 1223 1425
1006 1107 1037 1093
1472 1875 1496 1896
1132 1296 1132 1341
1131  700 1173  703
 894  962  938  963
1963 1792 1970 1830
  63  426  106  424
 601 1028  635 1039
1108 1442 1130 1419
1559  361 1570  396
1137 1601 1143 1641
1871 1717 1898 1698
1129 1965 1153 1943
1005 1263 1042 1254
1355 1419 1361 1459
1825  764 1853  746
  15  921   54  914
1972  975 1979  936
1664  571 1630  583
 292 1754  293 1709
1853  746 1885  760
1950 1737 1963 1703
1194  195 1225  211
1919   86 1933  119
1061  515 1104  519
1686  500 1723  510
1627  211 1667  204
 556 1722  559 1678
 527 1872  539 1837
1455  638 1455  685
 557 1504  557 1457
1550  714 1560  751
 934 1065  938 1022
 837  870  863  891
1342  689 1356  722
1953  205 1906  205
 195 1711  198 1755
  18   30   62   27
1561 1081 1565 1125
 202 1959  244 1965
1797  289 1749  289
1467  555 1467  507
 391 1854  390 1807
1199 1715 1215 1747
 966  348 1001  361
 930 1745  959 1726
 125 1341  142 1372
1097 1543 1144 1544
 702  916  701  869
1854 1830 1899 1826
1025 1368 1024 1416
 285 1195  309 1170
1719  805 1745  782
  38  178   76  167
 308 1521  346 1532
 830 1931  879 1931
1880 1862 1831 1862
  42  877   54  914
 578  876  620  869
 751  303  799  302
 237  451  286  451
1601  796 1641  787
 321 1581  350 1561
1104  446 1127  419
1164  744 1173  703
1752  205 1752  255
1183  358 1175  316
1964  901 1979  936
1034 1627 1064 1607
1499  691 1455  685
 213  425  237  451
 579 1630  579 1580
 439 1756  443 1802
1300  830 1250  830
1771  471 1790  503
 872 1362  923 1362
1967 1021 1972  975
1711  320 1749  307
 938 1022  941  974
 581 1580  631 1581
 878  648  880  599
1740 1265 1748 1309
 856  751  866  709
1494  182 1502  138
   8 1857   16 1813
 409  214  412  263
1185 1769 1215 1747
  34  520   34  468
 538  864  578  876
1554 1501 1516 1487
1142 1399 1183 1410
 513 1110  563 1108
 174  412  213  425
1345  949 1394  952
 140 1054  160 1086
1395  670 1432  685
1437 1565 1439 1615
1087   94 1093   48
1196 1544 1144 1544
 215 1889  248 1908
 232  158  232  211
1140 1471 1147 1517
1608    9 1615   55
 771  384  812  372
1269  921 1315  914
1962  799 1909  799
 812 1896  830 1931
 723  165  748  137
1554 1033 1597 1023
1763 1764 1773 1807
 610  978  613  928
 377  554  405  529
 313 1704  344 1726
1466 1098 1446 1065
1208  609 1221  569
  13  391   44  413
1554 1501 1598 1510
1876  387 1879  438
 336 1807  390 1807
1438  291 1457  326
1388  921 1433  930
1735  629 1751  591
1983 1558 1995 1600
1223 1371 1223 1425
1136 1674 1184 1668
1240 1123 1273 1102
1917  977 1955  961
 962  625  946  663
1624 1497 1665 1484
 106   86  114  132
1148 1842 1175 1815
1964  901 1996  879
1854 1830 1831 1862
1194  195 1203  149
1789 1235 1804 1275
1554 1033 1561 1081
1094  304 1137  316
1173  443 1180  491
 258 1908  280 1875
 951 1463  943 1416
 480 1303  527 1311
1919  268 1935  307
1702  675 1715  633
1828   23 1828   78
 861 1674  872 1718
1875  170 1910  190
 779 1869  791 1826
 688 1214  741 1217
1175 1815 1185 1769
1106 1688 1107 1743
 366  253  412  263
1804 1275 1857 1278
 334 1913  362 1941
1201  658 1208  609
 213  425  227  383
1923  886 1964  901
 462 1105  513 1110
1001  361 1012  406
 215 1090  250 1069
1993  251 1993  307
  42  877   92  871
1953  205 1961  157
 733  631  787  633
1493  507 1516  473
1439 1615 1452 1659
1123 1145 1127 1198
1024 1473 1024 1416
 504 1371  527 1337
1318 1146 1339 1182
1792 1124 1835 1110
1433  930 1483  937
1435  578 1437  633
1488 1310 1452 1331
 579 1630  607 1659
 256  860  289  836
1756 1457 1788 1432
 507  557  507  500
1290 1011 1344 1008
1995 1600 1996 1656
 999 1417  943 1416
1436 1896 1472 1875
 465  868  466  924
 512 1269  527 1311
1142 1399 1142 1341
  26 1636   84 1636
 920 1594  943 1629
1477 1419 1481 1473
1886 1421 1929 1436
 748  137  767   98
1453  407 1395  407
1631 1109 1631 1167
 283  396  286  451
1127 1198 1166 1179
1167 1945 1198 1972
1583 1835 1628 1822
1127  419 1148  382
1993  307 1935  307
 969 1241 1005 1263
1909  484 1910  541
 133    4  145   51
 845 1330  872 1362
1706 1581 1726 1620
 110 1501   51 1501
1706 1581 1709 1525
 652 1841  593 1841
 488  217  489  275
 160 1086  215 1090
1357 1237 1371 1282
1223 1371 1228 1317
1853  746 1854  688
  75 1180   86 1228
1561  138 1502  138
1418 1484 1467 1474
1187   86 1235   75
 741 1217  743 1160
1648 1431 1675 1399
 714  386  771  384
 568  954  602  979
1082  690 1131  700
1025 1368 1042 1325
 819  679  822  622
1900   45 1862   23
1475  187 1415  187
1494 1789 1522 1757
1481 1957 1513 1985
1432 1404 1477 1419
1516 1547 1516 1487
1627  211 1639  259
1486  776 1535  787
 421  845  434  798
 634  413  689  408
 779 1869  812 1896
1791  396 1813  434
1900   45 1919   86
 310 1069  250 1069
1878  569 1910  541
1390 1069 1446 1065
   3 1979   60 1982
1344 1008 1345  949
 842  116  850   63
 817  206  871  199
1535  787 1560  751
1249  991 1290 1011
 659 1350  708 1362
1786  687 1799  639
 244 1965  248 1908
 861 1674  912 1664
 871  199  910  221
 160 1003  176  958
 340  999  385  983
1554  441 1570  396
1093   48 1108    2
1923  886 1924  826
1311 1866 1317 1811
 809  430  812  372
 610  978  656  963
 600  654  615  608
1676  731 1681  787
1857 1278 1898 1299
 520 1583  579 1580
1259  973 1269  921
1183 1132 1186 1073
 245  603  278  574
1554  441 1568  489
1733 1127 1792 1124
 888 1523  922 1551
1973  349 1993  307
  13  391   21  337
  76  167  127  155
 385  983  405 1026
 937 1210  969 1241
 578 1740  632 1731
1432 1404 1452 1361
 299  391  319  348
1684 1258 1740 1265
1471  886 1483  937
  54  914   66  966
 604  810  620  858
1166 1179 1183 1132
1183  598 1180  537
1443    0 1482   25
1899  267 1906  210
1763 1764 1794 1731
1357 1237 1412 1228
1985  671 1993  615
1615   55 1669   66
 829 1625  847 1578
 822 1988  830 1931
 676  803  715  829
  44  413   34  468
1996 1656 1963 1688
 152  716  203  702
1114  941 1147  909
 418  210  461  232
 807 1811  853 1792
1398 1706 1399 1770
  16 1813   57 1788
 912 1664  943 1629
 361  424  408  405
1006  136 1022  186
 613  928  620  869
1380  253 1381  188
 766  692  819  679
 794   98  842  116
1544 1684 1578 1652
 623 1523  631 1581
1183 1132 1240 1123
 380 1673  382 1737
 743 1160  779 1130
1097  459 1104  519
 559 1678  607 1659
 421  845  465  868
 823 1380  872 1362
1597 1023 1603  962
 674 1142  722 1161
 613 1259  585 1220
 271  810  286  758
 511  824  538  864
1488 1310 1521 1276
 505 1051  513 1110
1941 1151 1944 1087
 675  660  718  635
1209  857 1250  830
1360 1474 1418 1484
1455  638 1521  636
 597  232  616  281
1890 1073 1944 1087
1768  406 1771  471
1950 1737 1963 1792
 849 1110  877 1150
1516  473 1568  489
1750  523 1751  591
 211 1707  263 1724
 355  451  286  451
1786  687 1854  688
1890  615 1912  662
 461 1173  462 1105
 923 1362  943 1412
1813  434 1879  438
 787  280  807  230
1020 1667 1032 1725
 410 1600  416 1664
 990  749 1037  772
 227  784  271  810
 647  703  675  660
1639  259 1702  251
1042 1254 1042 1325
1233 1921 1242 1859
1361  877 1388  921
1208 1021 1249  991
 879 1931  908 1889
 140 1054  160 1003
1789  513 1820  553
1909 1775 1963 1792
1890  615 1960  616
 863  891  892  849
1513 1985 1582 1983
1455 1158 1466 1098
 604  810  607  741
1342  689 1395  670
1880 1487 1886 1421
1250  819 1241  756
 958  866  979  815
1583 1835 1604 1886
 704 1390  704 1462
1006 1107 1008 1037
1710  425 1761  404
1544 1684 1516 1728
1956  714 1985  671
1302 1399 1355 1419
1339 1182 1357 1237
 700 1812  751 1790
  38  178   59  230
1540  565 1555  623
1097 1911 1162 1919
 914  226  944  269
 473 1689  416 1673
1446  388 1457  326
1173  703 1201  658
1162 1919 1233 1921
 794  317  812  372
1615  719 1676  731
 866  709  878  648
1235   75 1268   34
1735  629 1799  639
  64  252   77  313
1499  691 1550  714
1423 1835 1436 1896
 151 1794   83 1788
 591 1097  642 1074
  88   68  145   51
1271 1174 1273 1102
 488 1675  559 1678
1773 1807 1795 1859
1186 1073 1208 1021
1520 1225 1578 1209
 387  740  432  710
1540  565 1597  583
 922 1551  929 1483
 489  443  507  500
1788 1432 1856 1425
1271 1174 1318 1146
 674 1142  679 1072
 974  996 1008 1037
1114  941 1118 1012
1242 1859 1311 1866
 168  170  232  158
  34  520   75  555
 385  983  427  949
 975  676 1041  666
 346 1532  366 1476
1709 1525 1756 1554
 369 1241  439 1247
 751 1790  791 1826
 794  317  868  314
 497 1524  537 1487
 599 1468  676 1468
 652 1841  700 1812
  60 1982  114 1959
 943 1629 1020 1629
1806  273 1855  245
1631 1109 1650 1051
1348 1679 1398 1706
1268   34 1339   28
 465  868  538  864
1861  855 1909  826
 378 1355  394 1416
1485  341 1556  348
 819  547  822  622
1216 1567 1273 1546
 145  645  152  716
 289  836  337  866
 392  464  405  529
 846 1220  917 1213
 607  741  647  703
 482 1448  554 1454
1691 1665 1762 1673
 485 1944  499 1879
1604 1886 1627 1942
1187   86 1203  149
1012  547 1079  559
 599 1468  623 1523
1173  703 1241  714
1691 1665 1726 1620
 910 1166  986 1170
  21  337   77  313
 634  413  660  467
 106  424  174  412
 741 1217  818 1220
 404 1299  480 1303
 229 1458  275 1493
 600  654  675  660
 346 1276  404 1299
1129 1030 1166 1074
 829 1625  861 1674
 742  916  793  886
 258 1908  334 1913
 378 1355  404 1299
 723  752  728  829
   2  627   40  671
1676  731 1702  675
 809  430  859  462
1147  909 1166  972
 986 1170 1006 1107
 232  158  257  100
 760  504  804  543
1283  373 1326  333
1522 1757 1600 1762
1304  842 1315  914
 212  552  245  603
1002   56 1006  136
  89  759   89  844
 256  860  274  927
 660  467  682  530
1469 1793 1472 1875
 787  775  797  850
1665 1484 1709 1525
 364  605  344  670
1357  234 1357  319
1854 1122 1890 1073
1438  291 1507  274
1582 1983 1627 1942
 151 1794  198 1755
 719 1332  772 1299
 323  210  366  253
1929 1436 1953 1374
 224   38  292   19
 534  485  602  504
 702   48  767   70
1843 1544 1858 1616
 956 1976  996 1929
 366 1476  394 1416
 641 1876  712 1893
1909 1207 1941 1151
 114 1959  202 1959
1752  205 1775  140
1399 1770 1423 1835
1175 1815 1239 1840
1600 1762 1675 1748
1944 1087 1967 1021
1040  957 1114  941
1452 1659 1473 1728
1211 1983 1291 1993
1339   28 1374   83
 765 1054  779 1130
1762 1673 1794 1731
 334 1913  339 1827
   2  724   40  671
1421  805 1444  873
 110  864  149  812
1124  796 1164  744
 145   51  224   38
 232  211  323  210
 853 1792  872 1718
   8  747   89  759
 350 1561  428 1577
1273 1546 1281 1632
1851 1642 1871 1717
 602  504  660  467
1625 1635 1691 1665
1380  253 1438  291
 636  302  732  302
 557 1311  563 1220
  51 1535   85 1598
1006  136 1078  110
 241  999  340  999
 149  812  152  716
 842  116  868  190
 589 1989  689 1989
 880  599  902  521
 205 1563  252 1617
 147 1636  176 1563
 219  681  310  670
1225  211 1225  314
 219  681  245  603
 252 1617  321 1581
 261 1296  346 1276
1482   25 1572    9
1710  425 1711  320
  16 1510   26 1412
 516  678  600  654
 874   53  976   47
 461   75  489  158
 132 1505  142 1400
 970 1840  996 1929
  86 1228  179 1205
 179 1205  285 1195
 495 1967  589 1989
1787  938 1839  867
1864 1946 1967 1972
 594   15  702   48
1862    4 1999    0
